  0.1000000E-01  0.4620849    
  0.2000000E-01  0.4621670    
  0.3000000E-01  0.4621936    
  0.4000000E-01  0.4621645    
  0.5000000E-01  0.4620798    
  0.6000000E-01  0.4619397    
  0.7000000E-01  0.4617437    
  0.8000000E-01  0.4614924    
  0.9000000E-01  0.4611859    
  0.1000000      0.4608237    
  0.1100000      0.4604065    
  0.1200000      0.4599340    
  0.1300000      0.4594066    
  0.1400000      0.4588243    
  0.1500000      0.4581873    
  0.1600000      0.4574954    
  0.1700000      0.4567492    
  0.1800000      0.4559485    
  0.1900000      0.4550935    
  0.2000000      0.4541847    
  0.2100000      0.4532220    
  0.2200000      0.4522058    
  0.2300000      0.4511360    
  0.2400000      0.4500130    
  0.2500000      0.4488367    
  0.2600000      0.4476078    
  0.2700000      0.4463263    
  0.2800000      0.4449925    
  0.2900000      0.4436064    
  0.3000000      0.4421685    
  0.3100000      0.4406791    
  0.3200000      0.4391382    
  0.3300000      0.4375464    
  0.3400000      0.4359036    
  0.3500000      0.4342104    
  0.3600000      0.4324669    
  0.3700000      0.4306737    
  0.3800000      0.4288307    
  0.3900000      0.4269384    
  0.4000000      0.4249971    
  0.4100000      0.4230072    
  0.4200000      0.4209688    
  0.4300000      0.4188824    
  0.4400000      0.4167483    
  0.4500000      0.4145670    
  0.4600000      0.4123384    
  0.4700000      0.4100632    
  0.4800000      0.4077415    
  0.4900000      0.4053740    
  0.5000000      0.4029608    
  0.5100000      0.4005022    
  0.5200000      0.3979985    
  0.5300000      0.3954502    
  0.5400000      0.3928577    
  0.5500000      0.3902213    
  0.5600000      0.3875411    
  0.5700000      0.3848178    
  0.5800000      0.3820514    
  0.5900000      0.3792427    
  0.6000000      0.3763919    
  0.6100000      0.3734990    
  0.6200000      0.3705646    
  0.6300000      0.3675892    
  0.6400000      0.3645730    
  0.6500000      0.3615162    
  0.6600000      0.3584194    
  0.6700000      0.3552828    
  0.6800000      0.3521069    
  0.6900000      0.3488919    
  0.7000000      0.3456381    
  0.7100000      0.3423461    
  0.7200000      0.3390160    
  0.7300000      0.3356483    
  0.7400000      0.3322432    
  0.7500000      0.3288013    
  0.7600000      0.3253227    
  0.7700000      0.3218081    
  0.7800000      0.3182575    
  0.7900000      0.3146714    
  0.8000000      0.3110501    
  0.8100000      0.3073940    
  0.8200000      0.3037037    
  0.8300000      0.2999793    
  0.8400000      0.2962211    
  0.8500000      0.2924298    
  0.8600000      0.2886055    
  0.8700000      0.2847488    
  0.8800000      0.2808600    
  0.8900000      0.2769395    
  0.9000000      0.2729876    
  0.9100000      0.2690049    
  0.9200000      0.2649916    
  0.9300000      0.2609483    
  0.9400000      0.2568753    
  0.9500000      0.2527731    
  0.9600000      0.2486420    
  0.9700000      0.2444826    
  0.9800000      0.2402952    
  0.9900000      0.2360803    
   1.000000      0.2318383    
   1.010000      0.2275699    
   1.020000      0.2232751    
   1.030000      0.2189547    
   1.040000      0.2146091    
   1.050000      0.2102388    
   1.060000      0.2058443    
   1.070000      0.2014258    
   1.080000      0.1969842    
   1.090000      0.1925197    
   1.100000      0.1880329    
   1.110000      0.1835244    
   1.120000      0.1789946    
   1.130000      0.1744440    
   1.140000      0.1698730    
   1.150000      0.1652824    
   1.160000      0.1606726    
   1.170000      0.1560440    
   1.180000      0.1513974    
   1.190000      0.1467331    
   1.200000      0.1420517    
   1.210000      0.1373537    
   1.220000      0.1326397    
   1.230000      0.1279105    
   1.240000      0.1231661    
   1.250000      0.1184076    
   1.260000      0.1136352    
   1.270000      0.1088496    
   1.280000      0.1040514    
   1.290000      0.9924115E-01
   1.300000      0.9441941E-01
   1.310000      0.8958673E-01
   1.320000      0.8474374E-01
   1.330000      0.7989100E-01
   1.340000      0.7502915E-01
   1.350000      0.7015876E-01
   1.360000      0.6528042E-01
   1.370000      0.6039472E-01
   1.380000      0.5550237E-01
   1.390000      0.5060387E-01
   1.400000      0.4569985E-01
   1.410000      0.4079103E-01
   1.420000      0.3587793E-01
   1.430000      0.3096125E-01
   1.440000      0.2604159E-01
   1.450000      0.2111964E-01
   1.460000      0.1619601E-01
   1.470000      0.1127136E-01
   1.480000      0.6346371E-02
   1.490000      0.1421681E-02
   1.500000     -0.3502064E-02
   1.510000     -0.8424125E-02
   1.520000     -0.1334392E-01
   1.530000     -0.1826068E-01
   1.540000     -0.2317380E-01
   1.550000     -0.2808257E-01
   1.560000     -0.3298632E-01
   1.570000     -0.3788432E-01
   1.580000     -0.4277594E-01
   1.590000     -0.4766046E-01
   1.600000     -0.5253722E-01
   1.610000     -0.5740548E-01
   1.620000     -0.6226456E-01
   1.630000     -0.6711389E-01
   1.640000     -0.7195259E-01
   1.650000     -0.7678012E-01
   1.660000     -0.8159580E-01
   1.670000     -0.8639885E-01
   1.680000     -0.9118870E-01
   1.690000     -0.9596464E-01
   1.700000     -0.1007260    
   1.710000     -0.1054721    
   1.720000     -0.1102023    
   1.730000     -0.1149161    
   1.740000     -0.1196126    
   1.750000     -0.1242914    
   1.760000     -0.1289517    
   1.770000     -0.1335930    
   1.780000     -0.1382145    
   1.790000     -0.1428160    
   1.800000     -0.1473965    
   1.810000     -0.1519556    
   1.820000     -0.1564927    
   1.830000     -0.1610072    
   1.840000     -0.1654985    
   1.850000     -0.1699663    
   1.860000     -0.1744098    
   1.870000     -0.1788285    
   1.880000     -0.1832220    
   1.890000     -0.1875897    
   1.900000     -0.1919311    
   1.910000     -0.1962457    
   1.920000     -0.2005331    
   1.930000     -0.2047927    
   1.940000     -0.2090241    
   1.950000     -0.2132269    
   1.960000     -0.2174005    
   1.970000     -0.2215445    
   1.980000     -0.2256585    
   1.990000     -0.2297421    
   2.000000     -0.2337948    
   2.010000     -0.2378163    
   2.020000     -0.2418060    
   2.030000     -0.2457635    
   2.040000     -0.2496886    
   2.050000     -0.2535808    
   2.060000     -0.2574396    
   2.070000     -0.2612647    
   2.080000     -0.2650557    
   2.090000     -0.2688123    
   2.100000     -0.2725340    
   2.110000     -0.2762205    
   2.120000     -0.2798715    
   2.130000     -0.2834863    
   2.140000     -0.2870648    
   2.150000     -0.2906067    
   2.160000     -0.2941115    
   2.170000     -0.2975789    
   2.180000     -0.3010085    
   2.190000     -0.3044000    
   2.200000     -0.3077530    
   2.210000     -0.3110671    
   2.220000     -0.3143419    
   2.230000     -0.3175774    
   2.240000     -0.3207727    
   2.250000     -0.3239279    
   2.260000     -0.3270424    
   2.270000     -0.3301161    
   2.280000     -0.3331485    
   2.290000     -0.3361391    
   2.300000     -0.3390878    
   2.310000     -0.3419941    
   2.320000     -0.3448578    
   2.330000     -0.3476787    
   2.340000     -0.3504560    
   2.350000     -0.3531897    
   2.360000     -0.3558794    
   2.370000     -0.3585247    
   2.380000     -0.3611254    
   2.390000     -0.3636810    
   2.400000     -0.3661914    
   2.410000     -0.3686560    
   2.420000     -0.3710748    
   2.430000     -0.3734471    
   2.440000     -0.3757731    
   2.450000     -0.3780521    
   2.460000     -0.3802838    
   2.470000     -0.3824680    
   2.480000     -0.3846044    
   2.490000     -0.3866927    
   2.500000     -0.3887325    
   2.510000     -0.3907238    
   2.520000     -0.3926659    
   2.530000     -0.3945587    
   2.540000     -0.3964022    
   2.550000     -0.3981957    
   2.560000     -0.3999394    
   2.570000     -0.4016326    
   2.580000     -0.4032753    
   2.590000     -0.4048670    
   2.600000     -0.4064080    
   2.610000     -0.4078974    
   2.620000     -0.4093354    
   2.630000     -0.4107218    
   2.640000     -0.4120562    
   2.650000     -0.4133384    
   2.660000     -0.4145683    
   2.670000     -0.4157457    
   2.680000     -0.4168704    
   2.690000     -0.4179423    
   2.700000     -0.4189610    
   2.710000     -0.4199267    
   2.720000     -0.4208391    
   2.730000     -0.4216980    
   2.740000     -0.4225032    
   2.750000     -0.4232549    
   2.760000     -0.4239527    
   2.770000     -0.4245967    
   2.780000     -0.4251867    
   2.790000     -0.4257227    
   2.800000     -0.4262045    
   2.810000     -0.4266321    
   2.820000     -0.4270056    
   2.830000     -0.4273251    
   2.840000     -0.4275902    
   2.850000     -0.4278011    
   2.860000     -0.4279577    
   2.870000     -0.4280602    
   2.880000     -0.4281083    
   2.890000     -0.4281026    
   2.900000     -0.4280426    
   2.910000     -0.4279286    
   2.920000     -0.4277607    
   2.930000     -0.4275389    
   2.940000     -0.4272634    
   2.950000     -0.4269343    
   2.960000     -0.4265516    
   2.970000     -0.4261156    
   2.980000     -0.4256264    
   2.990000     -0.4250840    
   3.000000     -0.4244887    
   3.010000     -0.4238410    
   3.020000     -0.4231404    
   3.030000     -0.4223876    
   3.040000     -0.4215826    
   3.050000     -0.4207257    
   3.060000     -0.4198173    
   3.070000     -0.4188574    
   3.080000     -0.4178461    
   3.090000     -0.4167843    
   3.100000     -0.4156715    
   3.110000     -0.4145085    
   3.120000     -0.4132952    
   3.130000     -0.4120324    
   3.140000     -0.4107199    
   3.150000     -0.4093584    
   3.160000     -0.4079478    
   3.170000     -0.4064886    
   3.180000     -0.4049813    
   3.190000     -0.4034261    
   3.200000     -0.4018232    
   3.210000     -0.4001733    
   3.220000     -0.3984763    
   3.230000     -0.3967329    
   3.240000     -0.3949434    
   3.250000     -0.3931080    
   3.260000     -0.3912272    
   3.270000     -0.3893012    
   3.280000     -0.3873307    
   3.290000     -0.3853159    
   3.300000     -0.3832569    
   3.310000     -0.3811545    
   3.320000     -0.3790088    
   3.330000     -0.3768202    
   3.340000     -0.3745893    
   3.350000     -0.3723164    
   3.360000     -0.3700015    
   3.370000     -0.3676455    
   3.380000     -0.3652486    
   3.390000     -0.3628110    
   3.400000     -0.3603332    
   3.410000     -0.3578156    
   3.420000     -0.3552587    
   3.430000     -0.3526626    
   3.440000     -0.3500279    
   3.450000     -0.3473548    
   3.460000     -0.3446437    
   3.470000     -0.3418951    
   3.480000     -0.3391091    
   3.490000     -0.3362864    
   3.500000     -0.3334271    
   3.510000     -0.3305319    
   3.520000     -0.3276006    
   3.530000     -0.3246340    
   3.540000     -0.3216326    
   3.550000     -0.3185962    
   3.560000     -0.3155255    
   3.570000     -0.3124208    
   3.580000     -0.3092825    
   3.590000     -0.3061111    
   3.600000     -0.3029069    
   3.610000     -0.2996700    
   3.620000     -0.2964009    
   3.630000     -0.2931000    
   3.640000     -0.2897679    
   3.650000     -0.2864047    
   3.660000     -0.2830107    
   3.670000     -0.2795864    
   3.680000     -0.2761324    
   3.690000     -0.2726488    
   3.700000     -0.2691361    
   3.710000     -0.2655947    
   3.720000     -0.2620249    
   3.730000     -0.2584273    
   3.740000     -0.2548021    
   3.750000     -0.2511499    
   3.760000     -0.2474711    
   3.770000     -0.2437659    
   3.780000     -0.2400350    
   3.790000     -0.2362790    
   3.800000     -0.2324976    
   3.810000     -0.2286921    
   3.820000     -0.2248625    
   3.830000     -0.2210094    
   3.840000     -0.2171332    
   3.850000     -0.2132344    
   3.860000     -0.2093136    
   3.870000     -0.2053712    
   3.880000     -0.2014076    
   3.890000     -0.1974236    
   3.900000     -0.1934193    
   3.910000     -0.1893955    
   3.920000     -0.1853528    
   3.930000     -0.1812915    
   3.940000     -0.1772122    
   3.950000     -0.1731156    
   3.960000     -0.1690020    
   3.970000     -0.1648722    
   3.980000     -0.1607265    
   3.990000     -0.1565658    
   4.000000     -0.1523903    
   4.010000     -0.1482009    
   4.020000     -0.1439979    
   4.030000     -0.1397822    
   4.040000     -0.1355541    
   4.050000     -0.1313142    
   4.060000     -0.1270634    
   4.070000     -0.1228019    
   4.080000     -0.1185306    
   4.090000     -0.1142500    
   4.100000     -0.1099608    
   4.110000     -0.1056635    
   4.120000     -0.1013586    
   4.130000     -0.9704699E-01
   4.140000     -0.9272916E-01
   4.150000     -0.8840571E-01
   4.160000     -0.8407721E-01
   4.170000     -0.7974441E-01
   4.180000     -0.7540784E-01
   4.190000     -0.7106824E-01
   4.200000     -0.6672611E-01
   4.210000     -0.6238212E-01
   4.220000     -0.5803689E-01
   4.230000     -0.5369102E-01
   4.240000     -0.4934523E-01
   4.250000     -0.4500005E-01
   4.260000     -0.4065613E-01
   4.270000     -0.3631412E-01
   4.280000     -0.3197463E-01
   4.290000     -0.2763825E-01
   4.300000     -0.2330566E-01
   4.310000     -0.1897742E-01
   4.320000     -0.1465422E-01
   4.330000     -0.1033663E-01
   4.340000     -0.6025260E-02
   4.350000     -0.1720757E-02
   4.360000      0.2576246E-02
   4.370000      0.6865232E-02
   4.380000      0.1114550E-01
   4.390000      0.1541649E-01
   4.400000      0.1967757E-01
   4.410000      0.2392815E-01
   4.420000      0.2816769E-01
   4.430000      0.3239552E-01
   4.440000      0.3661107E-01
   4.450000      0.4081377E-01
   4.460000      0.4500303E-01
   4.470000      0.4917831E-01
   4.480000      0.5333900E-01
   4.490000      0.5748459E-01
   4.500000      0.6161435E-01
   4.510000      0.6572795E-01
   4.520000      0.6982472E-01
   4.530000      0.7390417E-01
   4.540000      0.7796572E-01
   4.550000      0.8200883E-01
   4.560000      0.8603306E-01
   4.570000      0.9003782E-01
   4.580000      0.9402270E-01
   4.590000      0.9798713E-01
   4.600000      0.1019306    
   4.610000      0.1058526    
   4.620000      0.1097529    
   4.630000      0.1136308    
   4.640000      0.1174859    
   4.650000      0.1213177    
   4.660000      0.1251259    
   4.670000      0.1289100    
   4.680000      0.1326695    
   4.690000      0.1364041    
   4.700000      0.1401134    
   4.710000      0.1437970    
   4.720000      0.1474544    
   4.730000      0.1510855    
   4.740000      0.1546896    
   4.750000      0.1582665    
   4.760000      0.1618158    
   4.770000      0.1653373    
   4.780000      0.1688305    
   4.790000      0.1722950    
   4.800000      0.1757308    
   4.810000      0.1791372    
   4.820000      0.1825142    
   4.830000      0.1858613    
   4.840000      0.1891782    
   4.850000      0.1924647    
   4.860000      0.1957206    
   4.870000      0.1989453    
   4.880000      0.2021388    
   4.890000      0.2053007    
   4.900000      0.2084307    
   4.910000      0.2115286    
   4.920000      0.2145941    
   4.930000      0.2176269    
   4.940000      0.2206268    
   4.950000      0.2235935    
   4.960000      0.2265267    
   4.970000      0.2294262    
   4.980000      0.2322917    
   4.990000      0.2351230    
   5.000000      0.2379198    
   5.010000      0.2406819    
   5.020000      0.2434089    
   5.030000      0.2461007    
   5.040000      0.2487569    
   5.050000      0.2513773    
   5.060000      0.2539618    
   5.070000      0.2565099    
   5.080000      0.2590216    
   5.090000      0.2614963    
   5.100000      0.2639341    
   5.110000      0.2663345    
   5.120000      0.2686975    
   5.130000      0.2710227    
   5.140000      0.2733097    
   5.150000      0.2755585    
   5.160000      0.2777687    
   5.170000      0.2799402    
   5.180000      0.2820726    
   5.190000      0.2841657    
   5.200000      0.2862193    
   5.210000      0.2882331    
   5.220000      0.2902069    
   5.230000      0.2921406    
   5.240000      0.2940337    
   5.250000      0.2958862    
   5.260000      0.2976977    
   5.270000      0.2994682    
   5.280000      0.3011973    
   5.290000      0.3028850    
   5.300000      0.3045308    
   5.310000      0.3061347    
   5.320000      0.3076966    
   5.330000      0.3092160    
   5.340000      0.3106931    
   5.350000      0.3121273    
   5.360000      0.3135188    
   5.370000      0.3148674    
   5.380000      0.3161729    
   5.390000      0.3174349    
   5.400000      0.3186537    
   5.410000      0.3198288    
   5.420000      0.3209603    
   5.430000      0.3220479    
   5.440000      0.3230919    
   5.450000      0.3240916    
   5.460000      0.3250474    
   5.470000      0.3259591    
   5.480000      0.3268266    
   5.490000      0.3276496    
   5.500000      0.3284285    
   5.510000      0.3291628    
   5.520000      0.3298530    
   5.530000      0.3304985    
   5.540000      0.3310996    
   5.550000      0.3316563    
   5.560000      0.3321684    
   5.570000      0.3326362    
   5.580000      0.3330596    
   5.590000      0.3334385    
   5.600000      0.3337727    
   5.610000      0.3340629    
   5.620000      0.3343088    
   5.630000      0.3345103    
   5.640000      0.3346676    
   5.650000      0.3347810    
   5.660000      0.3348502    
   5.670000      0.3348754    
   5.680000      0.3348566    
   5.690000      0.3347943    
   5.700000      0.3346881    
   5.710000      0.3345387    
   5.720000      0.3343455    
   5.730000      0.3341091    
   5.740000      0.3338294    
   5.750000      0.3335065    
   5.760000      0.3331407    
   5.770000      0.3327324    
   5.780000      0.3322811    
   5.790000      0.3317873    
   5.800000      0.3312511    
   5.810000      0.3306728    
   5.820000      0.3300523    
   5.830000      0.3293899    
   5.840000      0.3286859    
   5.850000      0.3279402    
   5.860000      0.3271531    
   5.870000      0.3263248    
   5.880000      0.3254554    
   5.890000      0.3245450    
   5.900000      0.3235941    
   5.910000      0.3226025    
   5.920000      0.3215709    
   5.930000      0.3204988    
   5.940000      0.3193869    
   5.950000      0.3182353    
   5.960000      0.3170442    
   5.970000      0.3158137    
   5.980000      0.3145440    
   5.990000      0.3132354    
   6.000000      0.3118881    
   6.010000      0.3105025    
   6.020000      0.3090785    
   6.030000      0.3076163    
   6.040000      0.3061164    
   6.050000      0.3045790    
   6.060000      0.3030042    
   6.070000      0.3013921    
   6.080000      0.2997433    
   6.090000      0.2980579    
   6.100000      0.2963361    
   6.110000      0.2945781    
   6.120000      0.2927844    
   6.130000      0.2909550    
   6.140000      0.2890905    
   6.150000      0.2871906    
   6.160000      0.2852562    
   6.170000      0.2832871    
   6.180000      0.2812841    
   6.190000      0.2792471    
   6.200000      0.2771765    
   6.210000      0.2750726    
   6.220000      0.2729359    
   6.230000      0.2707664    
   6.240000      0.2685647    
   6.250000      0.2663309    
   6.260000      0.2640656    
   6.270000      0.2617690    
   6.280000      0.2594414    
   6.290000      0.2570834    
   6.300000      0.2546950    
   6.310000      0.2522769    
   6.320000      0.2498293    
   6.330000      0.2473525    
   6.340000      0.2448472    
   6.350000      0.2423135    
   6.360000      0.2397519    
   6.370000      0.2371627    
   6.380000      0.2345466    
   6.390000      0.2319036    
   6.400000      0.2292345    
   6.410000      0.2265396    
   6.420000      0.2238192    
   6.430000      0.2210739    
   6.440000      0.2183041    
   6.450000      0.2155100    
   6.460000      0.2126924    
   6.470000      0.2098516    
   6.480000      0.2069880    
   6.490000      0.2041022    
   6.500000      0.2011943    
   6.510000      0.1982653    
   6.520000      0.1953152    
   6.530000      0.1923445    
   6.540000      0.1893540    
   6.550000      0.1863438    
   6.560000      0.1833145    
   6.570000      0.1802666    
   6.580000      0.1772006    
   6.590000      0.1741168    
   6.600000      0.1710156    
   6.610000      0.1678976    
   6.620000      0.1647635    
   6.630000      0.1616134    
   6.640000      0.1584479    
   6.650000      0.1552674    
   6.660000      0.1520724    
   6.670000      0.1488634    
   6.680000      0.1456408    
   6.690000      0.1424049    
   6.700000      0.1391565    
   6.710000      0.1358958    
   6.720000      0.1326233    
   6.730000      0.1293394    
   6.740000      0.1260446    
   6.750000      0.1227395    
   6.760000      0.1194243    
   6.770000      0.1160995    
   6.780000      0.1127657    
   6.790000      0.1094231    
   6.800000      0.1060725    
   6.810000      0.1027139    
   6.820000      0.9934817E-01
   6.830000      0.9597549E-01
   6.840000      0.9259642E-01
   6.850000      0.8921135E-01
   6.860000      0.8582074E-01
   6.870000      0.8242509E-01
   6.880000      0.7902480E-01
   6.890000      0.7562035E-01
   6.900000      0.7221225E-01
   6.910000      0.6880080E-01
   6.920000      0.6538662E-01
   6.930000      0.6197012E-01
   6.940000      0.5855177E-01
   6.950000      0.5513199E-01
   6.960000      0.5171129E-01
   6.970000      0.4829017E-01
   6.980000      0.4486904E-01
   6.990000      0.4144837E-01
   7.000000      0.3802871E-01
   7.010000      0.3461051E-01
   7.020000      0.3119421E-01
   7.030000      0.2778031E-01
   7.040000      0.2436932E-01
   7.050000      0.2096169E-01
   7.060000      0.1755795E-01
   7.070000      0.1415855E-01
   7.080000      0.1076402E-01
   7.090000      0.7374808E-02
   7.100000      0.3991402E-02
   7.110000      0.6143224E-03
   7.120000     -0.2755956E-02
   7.130000     -0.6118968E-02
   7.140000     -0.9474199E-02
   7.150000     -0.1282116E-01
   7.160000     -0.1615937E-01
   7.170000     -0.1948834E-01
   7.180000     -0.2280764E-01
   7.190000     -0.2611672E-01
   7.200000     -0.2941513E-01
   7.210000     -0.3270242E-01
   7.220000     -0.3597809E-01
   7.230000     -0.3924165E-01
   7.240000     -0.4249270E-01
   7.250000     -0.4573072E-01
   7.260000     -0.4895527E-01
   7.270000     -0.5216594E-01
   7.280000     -0.5536225E-01
   7.290000     -0.5854375E-01
   7.300000     -0.6171003E-01
   7.310000     -0.6486055E-01
   7.320000     -0.6799501E-01
   7.330000     -0.7111296E-01
   7.340000     -0.7421396E-01
   7.350000     -0.7729759E-01
   7.360000     -0.8036349E-01
   7.370000     -0.8341124E-01
   7.380000     -0.8644034E-01
   7.390000     -0.8945057E-01
   7.400000     -0.9244144E-01
   7.410000     -0.9541257E-01
   7.420000     -0.9836365E-01
   7.430000     -0.1012943    
   7.440000     -0.1042041    
   7.450000     -0.1070927    
   7.460000     -0.1099599    
   7.470000     -0.1128051    
   7.480000     -0.1156282    
   7.490000     -0.1184287    
   7.500000     -0.1212064    
   7.510000     -0.1239609    
   7.520000     -0.1266919    
   7.530000     -0.1293990    
   7.540000     -0.1320821    
   7.550000     -0.1347407    
   7.560000     -0.1373746    
   7.570000     -0.1399834    
   7.580000     -0.1425670    
   7.590000     -0.1451249    
   7.600000     -0.1476571    
   7.610000     -0.1501631    
   7.620000     -0.1526426    
   7.630000     -0.1550955    
   7.640000     -0.1575215    
   7.650000     -0.1599201    
   7.660000     -0.1622914    
   7.670000     -0.1646349    
   7.680000     -0.1669505    
   7.690000     -0.1692378    
   7.700000     -0.1714968    
   7.710000     -0.1737269    
   7.720000     -0.1759283    
   7.730000     -0.1781004    
   7.740000     -0.1802431    
   7.750000     -0.1823561    
   7.760000     -0.1844393    
   7.770000     -0.1864925    
   7.780000     -0.1885153    
   7.790000     -0.1905077    
   7.800000     -0.1924694    
   7.810000     -0.1944000    
   7.820000     -0.1962996    
   7.830000     -0.1981677    
   7.840000     -0.2000043    
   7.850000     -0.2018091    
   7.860000     -0.2035820    
   7.870000     -0.2053226    
   7.880000     -0.2070309    
   7.890000     -0.2087067    
   7.900000     -0.2103498    
   7.910000     -0.2119598    
   7.920000     -0.2135369    
   7.930000     -0.2150806    
   7.940000     -0.2165907    
   7.950000     -0.2180674    
   7.960000     -0.2195102    
   7.970000     -0.2209190    
   7.980000     -0.2222936    
   7.990000     -0.2236340    
   8.000000     -0.2249399    
   8.010000     -0.2262113    
   8.020000     -0.2274478    
   8.030000     -0.2286494    
   8.040000     -0.2298161    
   8.050000     -0.2309475    
   8.060000     -0.2320436    
   8.070000     -0.2331043    
   8.080000     -0.2341295    
   8.090000     -0.2351189    
   8.100000     -0.2360725    
   8.110000     -0.2369903    
   8.120000     -0.2378721    
   8.130000     -0.2387177    
   8.140000     -0.2395272    
   8.150000     -0.2403004    
   8.160000     -0.2410372    
   8.170000     -0.2417376    
   8.180000     -0.2424015    
   8.190000     -0.2430287    
   8.200000     -0.2436192    
   8.210000     -0.2441732    
   8.220000     -0.2446903    
   8.230000     -0.2451707    
   8.240000     -0.2456141    
   8.250000     -0.2460207    
   8.260000     -0.2463905    
   8.270000     -0.2467231    
   8.280000     -0.2470189    
   8.290000     -0.2472776    
   8.300000     -0.2474995    
   8.310000     -0.2476842    
   8.320000     -0.2478321    
   8.330000     -0.2479430    
   8.340000     -0.2480169    
   8.350000     -0.2480538    
   8.360000     -0.2480538    
   8.370000     -0.2480170    
   8.380000     -0.2479434    
   8.390000     -0.2478328    
   8.400000     -0.2476856    
   8.410000     -0.2475017    
   8.420000     -0.2472811    
   8.430000     -0.2470240    
   8.440000     -0.2467304    
   8.450000     -0.2464004    
   8.460000     -0.2460341    
   8.470000     -0.2456315    
   8.480000     -0.2451929    
   8.490000     -0.2447181    
   8.500000     -0.2442075    
   8.510000     -0.2436612    
   8.520000     -0.2430791    
   8.530000     -0.2424614    
   8.540000     -0.2418085    
   8.550000     -0.2411202    
   8.560000     -0.2403969    
   8.570000     -0.2396385    
   8.580000     -0.2388455    
   8.590000     -0.2380178    
   8.600000     -0.2371556    
   8.610000     -0.2362593    
   8.620000     -0.2353288    
   8.630000     -0.2343646    
   8.640000     -0.2333666    
   8.650000     -0.2323353    
   8.660000     -0.2312707    
   8.670000     -0.2301730    
   8.680000     -0.2290426    
   8.690000     -0.2278797    
   8.700000     -0.2266845    
   8.710000     -0.2254571    
   8.720000     -0.2241980    
   8.730000     -0.2229072    
   8.740000     -0.2215853    
   8.750000     -0.2202322    
   8.760000     -0.2188485    
   8.770000     -0.2174343    
   8.780000     -0.2159899    
   8.790000     -0.2145156    
   8.800000     -0.2130116    
   8.810000     -0.2114785    
   8.820000     -0.2099162    
   8.830000     -0.2083252    
   8.840000     -0.2067059    
   8.850000     -0.2050584    
   8.860000     -0.2033831    
   8.870000     -0.2016804    
   8.880000     -0.1999506    
   8.890000     -0.1981939    
   8.900000     -0.1964107    
   8.910000     -0.1946013    
   8.920000     -0.1927662    
   8.930000     -0.1909054    
   8.940000     -0.1890195    
   8.950000     -0.1871087    
   8.960000     -0.1851734    
   8.970000     -0.1832140    
   8.980000     -0.1812306    
   8.990000     -0.1792238    
   9.000000     -0.1771938    
   9.010000     -0.1751410    
   9.020000     -0.1730657    
   9.030000     -0.1709682    
   9.040000     -0.1688491    
   9.050000     -0.1667083    
   9.060000     -0.1645466    
   9.070000     -0.1623640    
   9.080000     -0.1601611    
   9.090000     -0.1579380    
   9.100000     -0.1556953    
   9.110000     -0.1534332    
   9.120000     -0.1511521    
   9.130000     -0.1488525    
   9.140000     -0.1465344    
   9.150000     -0.1441985    
   9.160000     -0.1418451    
   9.170000     -0.1394745    
   9.180000     -0.1370870    
   9.190000     -0.1346831    
   9.200000     -0.1322631    
   9.210000     -0.1298274    
   9.220000     -0.1273764    
   9.230000     -0.1249105    
   9.240000     -0.1224300    
   9.250000     -0.1199354    
   9.260000     -0.1174271    
   9.270000     -0.1149054    
   9.280000     -0.1123707    
   9.290000     -0.1098235    
   9.300000     -0.1072641    
   9.310000     -0.1046930    
   9.320000     -0.1021107    
   9.330000     -0.9951741E-01
   9.340000     -0.9691373E-01
   9.350000     -0.9430009E-01
   9.360000     -0.9167678E-01
   9.370000     -0.8904439E-01
   9.380000     -0.8640330E-01
   9.390000     -0.8375400E-01
   9.400000     -0.8109689E-01
   9.410000     -0.7843242E-01
   9.420000     -0.7576110E-01
   9.430000     -0.7308342E-01
   9.440000     -0.7039974E-01
   9.450000     -0.6771062E-01
   9.460000     -0.6501651E-01
   9.470000     -0.6231786E-01
   9.480000     -0.5961519E-01
   9.490000     -0.5690890E-01
   9.500000     -0.5419958E-01
   9.510000     -0.5148763E-01
   9.520000     -0.4877359E-01
   9.530000     -0.4605790E-01
   9.540000     -0.4334108E-01
   9.550000     -0.4062354E-01
   9.560000     -0.3790589E-01
   9.570000     -0.3518853E-01
   9.580000     -0.3247193E-01
   9.590000     -0.2975664E-01
   9.600000     -0.2704307E-01
   9.610000     -0.2433178E-01
   9.620000     -0.2162319E-01
   9.630000     -0.1891778E-01
   9.640000     -0.1621606E-01
   9.650000     -0.1351845E-01
   9.660000     -0.1082545E-01
   9.670000     -0.8137507E-02
   9.680000     -0.5455146E-02
   9.690000     -0.2778733E-02
   9.700000     -0.1087613E-03
   9.710000      0.2554351E-02
   9.720000      0.5210065E-02
   9.730000      0.7857992E-02
   9.740000      0.1049771E-01
   9.750000      0.1312880E-01
   9.760000      0.1575081E-01
   9.770000      0.1836329E-01
   9.780000      0.2096587E-01
   9.790000      0.2355808E-01
   9.800000      0.2613955E-01
   9.810000      0.2870988E-01
   9.820000      0.3126862E-01
   9.830000      0.3381544E-01
   9.840000      0.3634989E-01
   9.850000      0.3887159E-01
   9.860000      0.4138021E-01
   9.870000      0.4387529E-01
   9.880000      0.4635654E-01
   9.890000      0.4882356E-01
   9.900000      0.5127594E-01
   9.910000      0.5371333E-01
   9.920000      0.5613540E-01
   9.930000      0.5854185E-01
   9.940000      0.6093221E-01
   9.950000      0.6330625E-01
   9.960000      0.6566354E-01
   9.970000      0.6800381E-01
   9.980000      0.7032670E-01
   9.990000      0.7263185E-01
   10.00000      0.7491899E-01
   10.01000      0.7718779E-01
   10.02000      0.7943794E-01
   10.03000      0.8166905E-01
   10.04000      0.8388094E-01
   10.05000      0.8607318E-01
   10.06000      0.8824560E-01
   10.07000      0.9039786E-01
   10.08000      0.9252962E-01
   10.09000      0.9464064E-01
   10.10000      0.9673063E-01
   10.11000      0.9879934E-01
   10.12000      0.1008465    
   10.13000      0.1028718    
   10.14000      0.1048751    
   10.15000      0.1068560    
   10.16000      0.1088143    
   10.17000      0.1107498    
   10.18000      0.1126622    
   10.19000      0.1145515    
   10.20000      0.1164172    
   10.21000      0.1182591    
   10.22000      0.1200772    
   10.23000      0.1218711    
   10.24000      0.1236407    
   10.25000      0.1253858    
   10.26000      0.1271061    
   10.27000      0.1288016    
   10.28000      0.1304720    
   10.29000      0.1321172    
   10.30000      0.1337370    
   10.31000      0.1353313    
   10.32000      0.1368998    
   10.33000      0.1384425    
   10.34000      0.1399593    
   10.35000      0.1414499    
   10.36000      0.1429143    
   10.37000      0.1443522    
   10.38000      0.1457637    
   10.39000      0.1471486    
   10.40000      0.1485067    
   10.41000      0.1498380    
   10.42000      0.1511424    
   10.43000      0.1524197    
   10.44000      0.1536698    
   10.45000      0.1548927    
   10.46000      0.1560883    
   10.47000      0.1572564    
   10.48000      0.1583970    
   10.49000      0.1595100    
   10.50000      0.1605952    
   10.51000      0.1616526    
   10.52000      0.1626823    
   10.53000      0.1636838    
   10.54000      0.1646573    
   10.55000      0.1656028    
   10.56000      0.1665199    
   10.57000      0.1674088    
   10.58000      0.1682692    
   10.59000      0.1691012    
   10.60000      0.1699046    
   10.61000      0.1706793    
   10.62000      0.1714254    
   10.63000      0.1721425    
   10.64000      0.1728309    
   10.65000      0.1734902    
   10.66000      0.1741204    
   10.67000      0.1747216    
   10.68000      0.1752935    
   10.69000      0.1758360    
   10.70000      0.1763491    
   10.71000      0.1768328    
   10.72000      0.1772870    
   10.73000      0.1777114    
   10.74000      0.1781062    
   10.75000      0.1784712    
   10.76000      0.1788064    
   10.77000      0.1791116    
   10.78000      0.1793869    
   10.79000      0.1796320    
   10.80000      0.1798471    
   10.81000      0.1800322    
   10.82000      0.1801869    
   10.83000      0.1803115    
   10.84000      0.1804057    
   10.85000      0.1804697    
   10.86000      0.1805034    
   10.87000      0.1805067    
   10.88000      0.1804797    
   10.89000      0.1804223    
   10.90000      0.1803346    
   10.91000      0.1802165    
   10.92000      0.1800682    
   10.93000      0.1798896    
   10.94000      0.1796808    
   10.95000      0.1794418    
   10.96000      0.1791727    
   10.97000      0.1788736    
   10.98000      0.1785445    
   10.99000      0.1781856    
   11.00000      0.1777969    
   11.01000      0.1773786    
   11.02000      0.1769310    
   11.03000      0.1764537    
   11.04000      0.1759474    
   11.05000      0.1754120    
   11.06000      0.1748477    
   11.07000      0.1742548    
   11.08000      0.1736333    
   11.09000      0.1729835    
   11.10000      0.1723057    
   11.11000      0.1716000    
   11.12000      0.1708668    
   11.13000      0.1701061    
   11.14000      0.1693184    
   11.15000      0.1685038    
   11.16000      0.1676627    
   11.17000      0.1667952    
   11.18000      0.1659019    
   11.19000      0.1649828    
   11.20000      0.1640384    
   11.21000      0.1630689    
   11.22000      0.1620747    
   11.23000      0.1610561    
   11.24000      0.1600135    
   11.25000      0.1589472    
   11.26000      0.1578574    
   11.27000      0.1567447    
   11.28000      0.1556093    
   11.29000      0.1544517    
   11.30000      0.1532720    
   11.31000      0.1520709    
   11.32000      0.1508485    
   11.33000      0.1496054    
   11.34000      0.1483420    
   11.35000      0.1470583    
   11.36000      0.1457551    
   11.37000      0.1444326    
   11.38000      0.1430913    
   11.39000      0.1417314    
   11.40000      0.1403533    
   11.41000      0.1389576    
   11.42000      0.1375446    
   11.43000      0.1361145    
   11.44000      0.1346680    
   11.45000      0.1332052    
   11.46000      0.1317268    
   11.47000      0.1302329    
   11.48000      0.1287239    
   11.49000      0.1272004    
   11.50000      0.1256626    
   11.51000      0.1241109    
   11.52000      0.1225458    
   11.53000      0.1209675    
   11.54000      0.1193765    
   11.55000      0.1177731    
   11.56000      0.1161578    
   11.57000      0.1145307    
   11.58000      0.1128925    
   11.59000      0.1112433    
   11.60000      0.1095836    
   11.61000      0.1079136    
   11.62000      0.1062337    
   11.63000      0.1045444    
   11.64000      0.1028459    
   11.65000      0.1011387    
   11.66000      0.9942282E-01
   11.67000      0.9769881E-01
   11.68000      0.9596697E-01
   11.69000      0.9422758E-01
   11.70000      0.9248096E-01
   11.71000      0.9072745E-01
   11.72000      0.8896739E-01
   11.73000      0.8720093E-01
   11.74000      0.8542852E-01
   11.75000      0.8365041E-01
   11.76000      0.8186690E-01
   11.77000      0.8007822E-01
   11.78000      0.7828466E-01
   11.79000      0.7648656E-01
   11.80000      0.7468413E-01
   11.81000      0.7287762E-01
   11.82000      0.7106735E-01
   11.83000      0.6925352E-01
   11.84000      0.6743643E-01
   11.85000      0.6561633E-01
   11.86000      0.6379346E-01
   11.87000      0.6196807E-01
   11.88000      0.6014038E-01
   11.89000      0.5831064E-01
   11.90000      0.5647905E-01
   11.91000      0.5464596E-01
   11.92000      0.5281147E-01
   11.93000      0.5097592E-01
   11.94000      0.4913946E-01
   11.95000      0.4730232E-01
   11.96000      0.4546477E-01
   11.97000      0.4362708E-01
   11.98000      0.4178935E-01
   11.99000      0.3995196E-01
   12.00000      0.3811496E-01
   12.01000      0.3627879E-01
   12.02000      0.3444349E-01
   12.03000      0.3260941E-01
   12.04000      0.3077669E-01
   12.05000      0.2894563E-01
   12.06000      0.2711644E-01
   12.07000      0.2528936E-01
   12.08000      0.2346460E-01
   12.09000      0.2164247E-01
   12.10000      0.1982311E-01
   12.11000      0.1800687E-01
   12.12000      0.1619390E-01
   12.13000      0.1438454E-01
   12.14000      0.1257897E-01
   12.15000      0.1077746E-01
   12.16000      0.8980269E-02
   12.17000      0.7187686E-02
   12.18000      0.5399902E-02
   12.19000      0.3617235E-02
   12.20000      0.1839970E-02
   12.21000      0.6831471E-04
   12.22000     -0.1697430E-02
   12.23000     -0.3456977E-02
   12.24000     -0.5210097E-02
   12.25000     -0.6956497E-02
   12.26000     -0.8695909E-02
   12.27000     -0.1042801E-01
   12.28000     -0.1215258E-01
   12.29000     -0.1386926E-01
   12.30000     -0.1557787E-01
   12.31000     -0.1727806E-01
   12.32000     -0.1896957E-01
   12.33000     -0.2065209E-01
   12.34000     -0.2232541E-01
   12.35000     -0.2398916E-01
   12.36000     -0.2564312E-01
   12.37000     -0.2728699E-01
   12.38000     -0.2892050E-01
   12.39000     -0.3054336E-01
   12.40000     -0.3215525E-01
   12.41000     -0.3375602E-01
   12.42000     -0.3534526E-01
   12.43000     -0.3692281E-01
   12.44000     -0.3848831E-01
   12.45000     -0.4004158E-01
   12.46000     -0.4158230E-01
   12.47000     -0.4311022E-01
   12.48000     -0.4462508E-01
   12.49000     -0.4612666E-01
   12.50000     -0.4761471E-01
   12.51000     -0.4908897E-01
   12.52000     -0.5054917E-01
   12.53000     -0.5199512E-01
   12.54000     -0.5342657E-01
   12.55000     -0.5484333E-01
   12.56000     -0.5624511E-01
   12.57000     -0.5763176E-01
   12.58000     -0.5900299E-01
   12.59000     -0.6035869E-01
   12.60000     -0.6169858E-01
   12.61000     -0.6302250E-01
   12.62000     -0.6433029E-01
   12.63000     -0.6562170E-01
   12.64000     -0.6689660E-01
   12.65000     -0.6815480E-01
   12.66000     -0.6939613E-01
   12.67000     -0.7062044E-01
   12.68000     -0.7182756E-01
   12.69000     -0.7301738E-01
   12.70000     -0.7418971E-01
   12.71000     -0.7534438E-01
   12.72000     -0.7648138E-01
   12.73000     -0.7760049E-01
   12.74000     -0.7870161E-01
   12.75000     -0.7978463E-01
   12.76000     -0.8084955E-01
   12.77000     -0.8189603E-01
   12.78000     -0.8292417E-01
   12.79000     -0.8393386E-01
   12.80000     -0.8492490E-01
   12.81000     -0.8589735E-01
   12.82000     -0.8685106E-01
   12.83000     -0.8778605E-01
   12.84000     -0.8870214E-01
   12.85000     -0.8959936E-01
   12.86000     -0.9047763E-01
   12.87000     -0.9133699E-01
   12.88000     -0.9217732E-01
   12.89000     -0.9299856E-01
   12.90000     -0.9380072E-01
   12.91000     -0.9458383E-01
   12.92000     -0.9534780E-01
   12.93000     -0.9609269E-01
   12.94000     -0.9681852E-01
   12.95000     -0.9752523E-01
   12.96000     -0.9821278E-01
   12.97000     -0.9888132E-01
   12.98000     -0.9953078E-01
   12.99000     -0.1001612    
   13.00000     -0.1007726    
   13.01000     -0.1013651    
   13.02000     -0.1019387    
   13.03000     -0.1024933    
   13.04000     -0.1030291    
   13.05000     -0.1035462    
   13.06000     -0.1040446    
   13.07000     -0.1045243    
   13.08000     -0.1049854    
   13.09000     -0.1054281    
   13.10000     -0.1058523    
   13.11000     -0.1062582    
   13.12000     -0.1066458    
   13.13000     -0.1070153    
   13.14000     -0.1073667    
   13.15000     -0.1077001    
   13.16000     -0.1080156    
   13.17000     -0.1083134    
   13.18000     -0.1085935    
   13.19000     -0.1088561    
   13.20000     -0.1091011    
   13.21000     -0.1093288    
   13.22000     -0.1095393    
   13.23000     -0.1097326    
   13.24000     -0.1099089    
   13.25000     -0.1100684    
   13.26000     -0.1102110    
   13.27000     -0.1103370    
   13.28000     -0.1104463    
   13.29000     -0.1105394    
   13.30000     -0.1106160    
   13.31000     -0.1106764    
   13.32000     -0.1107207    
   13.33000     -0.1107491    
   13.34000     -0.1107616    
   13.35000     -0.1107583    
   13.36000     -0.1107394    
   13.37000     -0.1107050    
   13.38000     -0.1106551    
   13.39000     -0.1105900    
   13.40000     -0.1105097    
   13.41000     -0.1104143    
   13.42000     -0.1103039    
   13.43000     -0.1101787    
   13.44000     -0.1100386    
   13.45000     -0.1098840    
   13.46000     -0.1097148    
   13.47000     -0.1095312    
   13.48000     -0.1093333    
   13.49000     -0.1091211    
   13.50000     -0.1088949    
   13.51000     -0.1086546    
   13.52000     -0.1084005    
   13.53000     -0.1081326    
   13.54000     -0.1078510    
   13.55000     -0.1075559    
   13.56000     -0.1072472    
   13.57000     -0.1069252    
   13.58000     -0.1065900    
   13.59000     -0.1062416    
   13.60000     -0.1058803    
   13.61000     -0.1055060    
   13.62000     -0.1051189    
   13.63000     -0.1047191    
   13.64000     -0.1043066    
   13.65000     -0.1038818    
   13.66000     -0.1034446    
   13.67000     -0.1029951    
   13.68000     -0.1025335    
   13.69000     -0.1020598    
   13.70000     -0.1015743    
   13.71000     -0.1010770    
   13.72000     -0.1005680    
   13.73000     -0.1000475    
   13.74000     -0.9951551E-01
   13.75000     -0.9897219E-01
   13.76000     -0.9841773E-01
   13.77000     -0.9785218E-01
   13.78000     -0.9727569E-01
   13.79000     -0.9668840E-01
   13.80000     -0.9609038E-01
   13.81000     -0.9548184E-01
   13.82000     -0.9486285E-01
   13.83000     -0.9423356E-01
   13.84000     -0.9359415E-01
   13.85000     -0.9294464E-01
   13.86000     -0.9228527E-01
   13.87000     -0.9161619E-01
   13.88000     -0.9093746E-01
   13.89000     -0.9024932E-01
   13.90000     -0.8955186E-01
   13.91000     -0.8884528E-01
   13.92000     -0.8812968E-01
   13.93000     -0.8740526E-01
   13.94000     -0.8667219E-01
   13.95000     -0.8593060E-01
   13.96000     -0.8518068E-01
   13.97000     -0.8442260E-01
   13.98000     -0.8365658E-01
   13.99000     -0.8288277E-01
   14.00000     -0.8210133E-01
   14.01000     -0.8131251E-01
   14.02000     -0.8051645E-01
   14.03000     -0.7971339E-01
   14.04000     -0.7890346E-01
   14.05000     -0.7808703E-01
   14.06000     -0.7726413E-01
   14.07000     -0.7643513E-01
   14.08000     -0.7560012E-01
   14.09000     -0.7475943E-01
   14.10000     -0.7391317E-01
   14.11000     -0.7306176E-01
   14.12000     -0.7220521E-01
   14.13000     -0.7134398E-01
   14.14000     -0.7047815E-01
   14.15000     -0.6960803E-01
   14.16000     -0.6873392E-01
   14.17000     -0.6785602E-01
   14.18000     -0.6697454E-01
   14.19000     -0.6608984E-01
   14.20000     -0.6520211E-01
   14.21000     -0.6431163E-01
   14.22000     -0.6341864E-01
   14.23000     -0.6252347E-01
   14.24000     -0.6162626E-01
   14.25000     -0.6072742E-01
   14.26000     -0.5982714E-01
   14.27000     -0.5892559E-01
   14.28000     -0.5802317E-01
   14.29000     -0.5712008E-01
   14.30000     -0.5621659E-01
   14.31000     -0.5531292E-01
   14.32000     -0.5440934E-01
   14.33000     -0.5350607E-01
   14.34000     -0.5260339E-01
   14.35000     -0.5170152E-01
   14.36000     -0.5080063E-01
   14.37000     -0.4990100E-01
   14.38000     -0.4900286E-01
   14.39000     -0.4810640E-01
   14.40000     -0.4721179E-01
   14.41000     -0.4631928E-01
   14.42000     -0.4542903E-01
   14.43000     -0.4454123E-01
   14.44000     -0.4365601E-01
   14.45000     -0.4277361E-01
   14.46000     -0.4189414E-01
   14.47000     -0.4101777E-01
   14.48000     -0.4014457E-01
   14.49000     -0.3927477E-01
   14.50000     -0.3840844E-01
   14.51000     -0.3754569E-01
   14.52000     -0.3668666E-01
   14.53000     -0.3583142E-01
   14.54000     -0.3498003E-01
   14.55000     -0.3413261E-01
   14.56000     -0.3328919E-01
   14.57000     -0.3244987E-01
   14.58000     -0.3161472E-01
   14.59000     -0.3078374E-01
   14.60000     -0.2995699E-01
   14.61000     -0.2913452E-01
   14.62000     -0.2831632E-01
   14.63000     -0.2750247E-01
   14.64000     -0.2669291E-01
   14.65000     -0.2588768E-01
   14.66000     -0.2508680E-01
   14.67000     -0.2429025E-01
   14.68000     -0.2349801E-01
   14.69000     -0.2271008E-01
   14.70000     -0.2192647E-01
   14.71000     -0.2114711E-01
   14.72000     -0.2037201E-01
   14.73000     -0.1960115E-01
   14.74000     -0.1883453E-01
   14.75000     -0.1807200E-01
   14.76000     -0.1731365E-01
   14.77000     -0.1655941E-01
   14.78000     -0.1580927E-01
   14.79000     -0.1506313E-01
   14.80000     -0.1432101E-01
   14.81000     -0.1358285E-01
   14.82000     -0.1284866E-01
   14.83000     -0.1211833E-01
   14.84000     -0.1139186E-01
   14.85000     -0.1066928E-01
   14.86000     -0.9950474E-02
   14.87000     -0.9235456E-02
   14.88000     -0.8524221E-02
   14.89000     -0.7816630E-02
   14.90000     -0.7112821E-02
   14.91000     -0.6412666E-02
   14.92000     -0.5716198E-02
   14.93000     -0.5023389E-02
   14.94000     -0.4334200E-02
   14.95000     -0.3648671E-02
   14.96000     -0.2966765E-02
   14.97000     -0.2288507E-02
   14.98000     -0.1613861E-02
   14.99000     -0.9428837E-03
   15.00000     -0.2755460E-03
   15.01000      0.3881251E-03
   15.02000      0.1048123E-02
   15.03000      0.1704435E-02
   15.04000      0.2356954E-02
   15.05000      0.3005788E-02
   15.06000      0.3650828E-02
   15.07000      0.4292067E-02
   15.08000      0.4929446E-02
   15.09000      0.5562987E-02
   15.10000      0.6192560E-02
   15.11000      0.6818178E-02
   15.12000      0.7439801E-02
   15.13000      0.8057366E-02
   15.14000      0.8670810E-02
   15.15000      0.9280135E-02
   15.16000      0.9885237E-02
   15.17000      0.1048611E-01
   15.18000      0.1108267E-01
   15.19000      0.1167487E-01
   15.20000      0.1226264E-01
   15.21000      0.1284600E-01
   15.22000      0.1342483E-01
   15.23000      0.1399911E-01
   15.24000      0.1456879E-01
   15.25000      0.1513384E-01
   15.26000      0.1569420E-01
   15.27000      0.1624978E-01
   15.28000      0.1680062E-01
   15.29000      0.1734663E-01
   15.30000      0.1788783E-01
   15.31000      0.1842415E-01
   15.32000      0.1895558E-01
   15.33000      0.1948206E-01
   15.34000      0.2000363E-01
   15.35000      0.2052026E-01
   15.36000      0.2103191E-01
   15.37000      0.2153862E-01
   15.38000      0.2204038E-01
   15.39000      0.2253718E-01
   15.40000      0.2302907E-01
   15.41000      0.2351598E-01
   15.42000      0.2399806E-01
   15.43000      0.2447522E-01
   15.44000      0.2494756E-01
   15.45000      0.2541513E-01
   15.46000      0.2587794E-01
   15.47000      0.2633602E-01
   15.48000      0.2678951E-01
   15.49000      0.2723837E-01
   15.50000      0.2768272E-01
   15.51000      0.2812263E-01
   15.52000      0.2855816E-01
   15.53000      0.2898939E-01
   15.54000      0.2941643E-01
   15.55000      0.2983937E-01
   15.56000      0.3025824E-01
   15.57000      0.3067318E-01
   15.58000      0.3108428E-01
   15.59000      0.3149167E-01
   15.60000      0.3189540E-01
   15.61000      0.3229563E-01
   15.62000      0.3269245E-01
   15.63000      0.3308597E-01
   15.64000      0.3347631E-01
   15.65000      0.3386358E-01
   15.66000      0.3424790E-01
   15.67000      0.3462936E-01
   15.68000      0.3500815E-01
   15.69000      0.3538432E-01
   15.70000      0.3575797E-01
   15.71000      0.3612929E-01
   15.72000      0.3649833E-01
   15.73000      0.3686525E-01
   15.74000      0.3723015E-01
   15.75000      0.3759313E-01
   15.76000      0.3795431E-01
   15.77000      0.3831382E-01
   15.78000      0.3867172E-01
   15.79000      0.3902817E-01
   15.80000      0.3938328E-01
   15.81000      0.3973709E-01
   15.82000      0.4008971E-01
   15.83000      0.4044130E-01
   15.84000      0.4079188E-01
   15.85000      0.4114158E-01
   15.86000      0.4149052E-01
   15.87000      0.4183869E-01
   15.88000      0.4218626E-01
   15.89000      0.4253326E-01
   15.90000      0.4287980E-01
   15.91000      0.4322592E-01
   15.92000      0.4357174E-01
   15.93000      0.4391728E-01
   15.94000      0.4426260E-01
   15.95000      0.4460777E-01
   15.96000      0.4495286E-01
   15.97000      0.4529787E-01
   15.98000      0.4564294E-01
   15.99000      0.4598802E-01
   16.00000      0.4633318E-01
   16.01000      0.4667849E-01
   16.02000      0.4702398E-01
   16.03000      0.4736962E-01
   16.04000      0.4771548E-01
   16.05000      0.4806154E-01
   16.06000      0.4840788E-01
   16.07000      0.4875451E-01
   16.08000      0.4910138E-01
   16.09000      0.4944850E-01
   16.10000      0.4979591E-01
   16.11000      0.5014359E-01
   16.12000      0.5049152E-01
   16.13000      0.5083972E-01
   16.14000      0.5118813E-01
   16.15000      0.5153681E-01
   16.16000      0.5188562E-01
   16.17000      0.5223459E-01
   16.18000      0.5258374E-01
   16.19000      0.5293296E-01
   16.20000      0.5328227E-01
   16.21000      0.5363161E-01
   16.22000      0.5398092E-01
   16.23000      0.5433017E-01
   16.24000      0.5467930E-01
   16.25000      0.5502827E-01
   16.26000      0.5537704E-01
   16.27000      0.5572551E-01
   16.28000      0.5607368E-01
   16.29000      0.5642144E-01
   16.30000      0.5676875E-01
   16.31000      0.5711553E-01
   16.32000      0.5746174E-01
   16.33000      0.5780730E-01
   16.34000      0.5815213E-01
   16.35000      0.5849617E-01
   16.36000      0.5883933E-01
   16.37000      0.5918159E-01
   16.38000      0.5952282E-01
   16.39000      0.5986294E-01
   16.40000      0.6020192E-01
   16.41000      0.6053963E-01
   16.42000      0.6087605E-01
   16.43000      0.6121108E-01
   16.44000      0.6154461E-01
   16.45000      0.6187659E-01
   16.46000      0.6220690E-01
   16.47000      0.6253551E-01
   16.48000      0.6286230E-01
   16.49000      0.6318719E-01
   16.50000      0.6351010E-01
   16.51000      0.6383096E-01
   16.52000      0.6414964E-01
   16.53000      0.6446610E-01
   16.54000      0.6478020E-01
   16.55000      0.6509189E-01
   16.56000      0.6540101E-01
   16.57000      0.6570754E-01
   16.58000      0.6601138E-01
   16.59000      0.6631239E-01
   16.60000      0.6661049E-01
   16.61000      0.6690559E-01
   16.62000      0.6719754E-01
   16.63000      0.6748635E-01
   16.64000      0.6777174E-01
   16.65000      0.6805376E-01
   16.66000      0.6833224E-01
   16.67000      0.6860706E-01
   16.68000      0.6887815E-01
   16.69000      0.6914540E-01
   16.70000      0.6940862E-01
   16.71000      0.6966777E-01
   16.72000      0.6992273E-01
   16.73000      0.7017336E-01
   16.74000      0.7041957E-01
   16.75000      0.7066122E-01
   16.76000      0.7089819E-01
   16.77000      0.7113037E-01
   16.78000      0.7135765E-01
   16.79000      0.7157992E-01
   16.80000      0.7179704E-01
   16.81000      0.7200888E-01
   16.82000      0.7221533E-01
   16.83000      0.7241633E-01
   16.84000      0.7261167E-01
   16.85000      0.7280124E-01
   16.86000      0.7298502E-01
   16.87000      0.7316278E-01
   16.88000      0.7333444E-01
   16.89000      0.7349990E-01
   16.90000      0.7365902E-01
   16.91000      0.7381171E-01
   16.92000      0.7395786E-01
   16.93000      0.7409729E-01
   16.94000      0.7422997E-01
   16.95000      0.7435572E-01
   16.96000      0.7447444E-01
   16.97000      0.7458607E-01
   16.98000      0.7469045E-01
   16.99000      0.7478746E-01
   17.00000      0.7487703E-01
   17.01000      0.7495902E-01
   17.02000      0.7503337E-01
   17.03000      0.7509991E-01
   17.04000      0.7515859E-01
   17.05000      0.7520926E-01
   17.06000      0.7525184E-01
   17.07000      0.7528624E-01
   17.08000      0.7531229E-01
   17.09000      0.7533000E-01
   17.10000      0.7533918E-01
   17.11000      0.7533975E-01
   17.12000      0.7533162E-01
   17.13000      0.7531470E-01
   17.14000      0.7528889E-01
   17.15000      0.7525405E-01
   17.16000      0.7521017E-01
   17.17000      0.7515709E-01
   17.18000      0.7509471E-01
   17.19000      0.7502293E-01
   17.20000      0.7494169E-01
   17.21000      0.7485092E-01
   17.22000      0.7475043E-01
   17.23000      0.7464023E-01
   17.24000      0.7452010E-01
   17.25000      0.7439006E-01
   17.26000      0.7424998E-01
   17.27000      0.7409978E-01
   17.28000      0.7393936E-01
   17.29000      0.7376860E-01
   17.30000      0.7358747E-01
   17.31000      0.7339578E-01
   17.32000      0.7319356E-01
   17.33000      0.7298065E-01
   17.34000      0.7275699E-01
   17.35000      0.7252244E-01
   17.36000      0.7227696E-01
   17.37000      0.7202043E-01
   17.38000      0.7175283E-01
   17.39000      0.7147395E-01
   17.40000      0.7118385E-01
   17.41000      0.7088236E-01
   17.42000      0.7056943E-01
   17.43000      0.7024492E-01
   17.44000      0.6990883E-01
   17.45000      0.6956106E-01
   17.46000      0.6920151E-01
   17.47000      0.6883009E-01
   17.48000      0.6844679E-01
   17.49000      0.6805150E-01
   17.50000      0.6764416E-01
   17.51000      0.6722464E-01
   17.52000      0.6679296E-01
   17.53000      0.6634900E-01
   17.54000      0.6589274E-01
   17.55000      0.6542406E-01
   17.56000      0.6494297E-01
   17.57000      0.6444938E-01
   17.58000      0.6394320E-01
   17.59000      0.6342448E-01
   17.60000      0.6289310E-01
   17.61000      0.6234896E-01
   17.62000      0.6179209E-01
   17.63000      0.6122244E-01
   17.64000      0.6063996E-01
   17.65000      0.6004465E-01
   17.66000      0.5943637E-01
   17.67000      0.5881518E-01
   17.68000      0.5818112E-01
   17.69000      0.5753397E-01
   17.70000      0.5687385E-01
   17.71000      0.5620069E-01
   17.72000      0.5551449E-01
   17.73000      0.5481523E-01
   17.74000      0.5410290E-01
   17.75000      0.5337749E-01
   17.76000      0.5263902E-01
   17.77000      0.5188747E-01
   17.78000      0.5112283E-01
   17.79000      0.5034511E-01
   17.80000      0.4955439E-01
   17.81000      0.4875064E-01
   17.82000      0.4793383E-01
   17.83000      0.4710408E-01
   17.84000      0.4626135E-01
   17.85000      0.4540571E-01
   17.86000      0.4453724E-01
   17.87000      0.4365595E-01
   17.88000      0.4276184E-01
   17.89000      0.4185506E-01
   17.90000      0.4093561E-01
   17.91000      0.4000363E-01
   17.92000      0.3905916E-01
   17.93000      0.3810230E-01
   17.94000      0.3713311E-01
   17.95000      0.3615173E-01
   17.96000      0.3515824E-01
   17.97000      0.3415276E-01
   17.98000      0.3313546E-01
   17.99000      0.3210640E-01
   18.00000      0.3106574E-01
   18.01000      0.3001366E-01
   18.02000      0.2895027E-01
   18.03000      0.2787576E-01
   18.04000      0.2679027E-01
   18.05000      0.2569404E-01
   18.06000      0.2458719E-01
   18.07000      0.2346992E-01
   18.08000      0.2234247E-01
   18.09000      0.2120500E-01
   18.10000      0.2005778E-01
   18.11000      0.1890099E-01
   18.12000      0.1773486E-01
   18.13000      0.1655965E-01
   18.14000      0.1537558E-01
   18.15000      0.1418292E-01
   18.16000      0.1298195E-01
   18.17000      0.1177285E-01
   18.18000      0.1055599E-01
   18.19000      0.9331595E-02
   18.20000      0.8099927E-02
   18.21000      0.6861293E-02
   18.22000      0.5616017E-02
   18.23000      0.4364334E-02
   18.24000      0.3106544E-02
   18.25000      0.1843006E-02
   18.26000      0.5739828E-03
   18.27000     -0.7002017E-03
   18.28000     -0.1979250E-02
   18.29000     -0.3262838E-02
   18.30000     -0.4550646E-02
   18.31000     -0.5842353E-02
   18.32000     -0.7137654E-02
   18.33000     -0.8436196E-02
   18.34000     -0.9737675E-02
   18.35000     -0.1104178E-01
   18.36000     -0.1234816E-01
   18.37000     -0.1365650E-01
   18.38000     -0.1496651E-01
   18.39000     -0.1627780E-01
   18.40000     -0.1759009E-01
   18.41000     -0.1890306E-01
   18.42000     -0.2021638E-01
   18.43000     -0.2152972E-01
   18.44000     -0.2284277E-01
   18.45000     -0.2415520E-01
   18.46000     -0.2546669E-01
   18.47000     -0.2677698E-01
   18.48000     -0.2808569E-01
   18.49000     -0.2939255E-01
   18.50000     -0.3069725E-01
   18.51000     -0.3199948E-01
   18.52000     -0.3329893E-01
   18.53000     -0.3459531E-01
   18.54000     -0.3588835E-01
   18.55000     -0.3717772E-01
   18.56000     -0.3846316E-01
   18.57000     -0.3974440E-01
   18.58000     -0.4102109E-01
   18.59000     -0.4229301E-01
   18.60000     -0.4355985E-01
   18.61000     -0.4482133E-01
   18.62000     -0.4607724E-01
   18.63000     -0.4732726E-01
   18.64000     -0.4857115E-01
   18.65000     -0.4980864E-01
   18.66000     -0.5103947E-01
   18.67000     -0.5226337E-01
   18.68000     -0.5348009E-01
   18.69000     -0.5468941E-01
   18.70000     -0.5589104E-01
   18.71000     -0.5708478E-01
   18.72000     -0.5827028E-01
   18.73000     -0.5944744E-01
   18.74000     -0.6061592E-01
   18.75000     -0.6177550E-01
   18.76000     -0.6292599E-01
   18.77000     -0.6406708E-01
   18.78000     -0.6519857E-01
   18.79000     -0.6632024E-01
   18.80000     -0.6743181E-01
   18.81000     -0.6853310E-01
   18.82000     -0.6962384E-01
   18.83000     -0.7070377E-01
   18.84000     -0.7177271E-01
   18.85000     -0.7283046E-01
   18.86000     -0.7387672E-01
   18.87000     -0.7491129E-01
   18.88000     -0.7593391E-01
   18.89000     -0.7694438E-01
   18.90000     -0.7794248E-01
   18.91000     -0.7892791E-01
   18.92000     -0.7990051E-01
   18.93000     -0.8086005E-01
   18.94000     -0.8180627E-01
   18.95000     -0.8273891E-01
   18.96000     -0.8365779E-01
   18.97000     -0.8456262E-01
   18.98000     -0.8545325E-01
   18.99000     -0.8632939E-01
   19.00000     -0.8719081E-01
   19.01000     -0.8803728E-01
   19.02000     -0.8886858E-01
   19.03000     -0.8968448E-01
   19.04000     -0.9048470E-01
   19.05000     -0.9126914E-01
   19.06000     -0.9203742E-01
   19.07000     -0.9278934E-01
   19.08000     -0.9352474E-01
   19.09000     -0.9424333E-01
   19.10000     -0.9494492E-01
   19.11000     -0.9562930E-01
   19.12000     -0.9629616E-01
   19.13000     -0.9694539E-01
   19.14000     -0.9757675E-01
   19.15000     -0.9818993E-01
   19.16000     -0.9878481E-01
   19.17000     -0.9936118E-01
   19.18000     -0.9991880E-01
   19.19000     -0.1004575    
   19.20000     -0.1009771    
   19.21000     -0.1014773    
   19.22000     -0.1019580    
   19.23000     -0.1024190    
   19.24000     -0.1028602    
   19.25000     -0.1032813    
   19.26000     -0.1036822    
   19.27000     -0.1040627    
   19.28000     -0.1044226    
   19.29000     -0.1047620    
   19.30000     -0.1050805    
   19.31000     -0.1053780    
   19.32000     -0.1056545    
   19.33000     -0.1059098    
   19.34000     -0.1061438    
   19.35000     -0.1063563    
   19.36000     -0.1065474    
   19.37000     -0.1067169    
   19.38000     -0.1068647    
   19.39000     -0.1069908    
   19.40000     -0.1070950    
   19.41000     -0.1071774    
   19.42000     -0.1072379    
   19.43000     -0.1072764    
   19.44000     -0.1072929    
   19.45000     -0.1072875    
   19.46000     -0.1072600    
   19.47000     -0.1072105    
   19.48000     -0.1071390    
   19.49000     -0.1070454    
   19.50000     -0.1069298    
   19.51000     -0.1067922    
   19.52000     -0.1066327    
   19.53000     -0.1064512    
   19.54000     -0.1062478    
   19.55000     -0.1060226    
   19.56000     -0.1057756    
   19.57000     -0.1055069    
   19.58000     -0.1052165    
   19.59000     -0.1049045    
   19.60000     -0.1045710    
   19.61000     -0.1042161    
   19.62000     -0.1038399    
   19.63000     -0.1034423    
   19.64000     -0.1030236    
   19.65000     -0.1025839    
   19.66000     -0.1021232    
   19.67000     -0.1016417    
   19.68000     -0.1011395    
   19.69000     -0.1006167    
   19.70000     -0.1000734    
   19.71000     -0.9950976E-01
   19.72000     -0.9892600E-01
   19.73000     -0.9832212E-01
   19.74000     -0.9769833E-01
   19.75000     -0.9705476E-01
   19.76000     -0.9639161E-01
   19.77000     -0.9570895E-01
   19.78000     -0.9500708E-01
   19.79000     -0.9428603E-01
   19.80000     -0.9354605E-01
   19.81000     -0.9278731E-01
   19.82000     -0.9200997E-01
   19.83000     -0.9121421E-01
   19.84000     -0.9040020E-01
   19.85000     -0.8956824E-01
   19.86000     -0.8871845E-01
   19.87000     -0.8785098E-01
   19.88000     -0.8696612E-01
   19.89000     -0.8606408E-01
   19.90000     -0.8514505E-01
   19.91000     -0.8420926E-01
   19.92000     -0.8325694E-01
   19.93000     -0.8228836E-01
   19.94000     -0.8130365E-01
   19.95000     -0.8030320E-01
   19.96000     -0.7928709E-01
   19.97000     -0.7825567E-01
   19.98000     -0.7720918E-01
   19.99000     -0.7614785E-01
   20.00000     -0.7507196E-01
