  0.1000000E-01  0.4183544    
  0.2000000E-01  0.4182867    
  0.3000000E-01  0.4181688    
  0.4000000E-01  0.4180008    
  0.5000000E-01  0.4177826    
  0.6000000E-01  0.4175143    
  0.7000000E-01  0.4171960    
  0.8000000E-01  0.4168276    
  0.9000000E-01  0.4164092    
  0.1000000      0.4159410    
  0.1100000      0.4154230    
  0.1200000      0.4148552    
  0.1300000      0.4142377    
  0.1400000      0.4135707    
  0.1500000      0.4128541    
  0.1600000      0.4120883    
  0.1700000      0.4112731    
  0.1800000      0.4104089    
  0.1900000      0.4094957    
  0.2000000      0.4085337    
  0.2100000      0.4075229    
  0.2200000      0.4064637    
  0.2300000      0.4053560    
  0.2400000      0.4042001    
  0.2500000      0.4029962    
  0.2600000      0.4017444    
  0.2700000      0.4004450    
  0.2800000      0.3990981    
  0.2900000      0.3977039    
  0.3000000      0.3962627    
  0.3100000      0.3947746    
  0.3200000      0.3932400    
  0.3300000      0.3916588    
  0.3400000      0.3900317    
  0.3500000      0.3883585    
  0.3600000      0.3866396    
  0.3700000      0.3848753    
  0.3800000      0.3830660    
  0.3900000      0.3812117    
  0.4000000      0.3793128    
  0.4100000      0.3773696    
  0.4200000      0.3753823    
  0.4300000      0.3733512    
  0.4400000      0.3712767    
  0.4500000      0.3691590    
  0.4600000      0.3669984    
  0.4700000      0.3647953    
  0.4800000      0.3625499    
  0.4900000      0.3602627    
  0.5000000      0.3579338    
  0.5100000      0.3555636    
  0.5200000      0.3531525    
  0.5300000      0.3507008    
  0.5400000      0.3482088    
  0.5500000      0.3456770    
  0.5600000      0.3431055    
  0.5700000      0.3404950    
  0.5800000      0.3378455    
  0.5900000      0.3351576    
  0.6000000      0.3324316    
  0.6100000      0.3296679    
  0.6200000      0.3268668    
  0.6300000      0.3240289    
  0.6400000      0.3211543    
  0.6500000      0.3182434    
  0.6600000      0.3152969    
  0.6700000      0.3123149    
  0.6800000      0.3092979    
  0.6900000      0.3062463    
  0.7000000      0.3031606    
  0.7100000      0.3000411    
  0.7200000      0.2968881    
  0.7300000      0.2937023    
  0.7400000      0.2904839    
  0.7500000      0.2872335    
  0.7600000      0.2839513    
  0.7700000      0.2806378    
  0.7800000      0.2772936    
  0.7900000      0.2739190    
  0.8000000      0.2705144    
  0.8100000      0.2670804    
  0.8200000      0.2636173    
  0.8300000      0.2601255    
  0.8400000      0.2566056    
  0.8500000      0.2530580    
  0.8600000      0.2494831    
  0.8700000      0.2458814    
  0.8800000      0.2422534    
  0.8900000      0.2385994    
  0.9000000      0.2349201    
  0.9100000      0.2312159    
  0.9200000      0.2274871    
  0.9300000      0.2237343    
  0.9400000      0.2199580    
  0.9500000      0.2161586    
  0.9600000      0.2123367    
  0.9700000      0.2084925    
  0.9800000      0.2046269    
  0.9900000      0.2007401    
   1.000000      0.1968327    
   1.010000      0.1929050    
   1.020000      0.1889578    
   1.030000      0.1849914    
   1.040000      0.1810062    
   1.050000      0.1770030    
   1.060000      0.1729820    
   1.070000      0.1689439    
   1.080000      0.1648891    
   1.090000      0.1608182    
   1.100000      0.1567315    
   1.110000      0.1526298    
   1.120000      0.1485135    
   1.130000      0.1443829    
   1.140000      0.1402388    
   1.150000      0.1360816    
   1.160000      0.1319118    
   1.170000      0.1277299    
   1.180000      0.1235366    
   1.190000      0.1193322    
   1.200000      0.1151172    
   1.210000      0.1108924    
   1.220000      0.1066580    
   1.230000      0.1024148    
   1.240000      0.9816317E-01
   1.250000      0.9390364E-01
   1.260000      0.8963683E-01
   1.270000      0.8536315E-01
   1.280000      0.8108323E-01
   1.290000      0.7679752E-01
   1.300000      0.7250665E-01
   1.310000      0.6821107E-01
   1.320000      0.6391134E-01
   1.330000      0.5960799E-01
   1.340000      0.5530156E-01
   1.350000      0.5099258E-01
   1.360000      0.4668158E-01
   1.370000      0.4236911E-01
   1.380000      0.3805568E-01
   1.390000      0.3374184E-01
   1.400000      0.2942812E-01
   1.410000      0.2511505E-01
   1.420000      0.2080317E-01
   1.430000      0.1649301E-01
   1.440000      0.1218511E-01
   1.450000      0.7879988E-02
   1.460000      0.3578187E-02
   1.470000     -0.7197627E-03
   1.480000     -0.5013340E-02
   1.490000     -0.9302007E-02
   1.500000     -0.1358523E-01
   1.510000     -0.1786250E-01
   1.520000     -0.2213328E-01
   1.530000     -0.2639704E-01
   1.540000     -0.3065325E-01
   1.550000     -0.3490141E-01
   1.560000     -0.3914097E-01
   1.570000     -0.4337144E-01
   1.580000     -0.4759228E-01
   1.590000     -0.5180298E-01
   1.600000     -0.5600303E-01
   1.610000     -0.6019191E-01
   1.620000     -0.6436910E-01
   1.630000     -0.6853411E-01
   1.640000     -0.7268642E-01
   1.650000     -0.7682551E-01
   1.660000     -0.8095093E-01
   1.670000     -0.8506211E-01
   1.680000     -0.8915862E-01
   1.690000     -0.9323987E-01
   1.700000     -0.9730546E-01
   1.710000     -0.1013548    
   1.720000     -0.1053876    
   1.730000     -0.1094031    
   1.740000     -0.1134010    
   1.750000     -0.1173808    
   1.760000     -0.1213419    
   1.770000     -0.1252840    
   1.780000     -0.1292065    
   1.790000     -0.1331090    
   1.800000     -0.1369910    
   1.810000     -0.1408521    
   1.820000     -0.1446917    
   1.830000     -0.1485095    
   1.840000     -0.1523048    
   1.850000     -0.1560775    
   1.860000     -0.1598270    
   1.870000     -0.1635527    
   1.880000     -0.1672543    
   1.890000     -0.1709314    
   1.900000     -0.1745836    
   1.910000     -0.1782103    
   1.920000     -0.1818112    
   1.930000     -0.1853858    
   1.940000     -0.1889338    
   1.950000     -0.1924547    
   1.960000     -0.1959480    
   1.970000     -0.1994134    
   1.980000     -0.2028506    
   1.990000     -0.2062590    
   2.000000     -0.2096383    
   2.010000     -0.2129881    
   2.020000     -0.2163081    
   2.030000     -0.2195978    
   2.040000     -0.2228568    
   2.050000     -0.2260849    
   2.060000     -0.2292815    
   2.070000     -0.2324464    
   2.080000     -0.2355792    
   2.090000     -0.2386796    
   2.100000     -0.2417471    
   2.110000     -0.2447815    
   2.120000     -0.2477824    
   2.130000     -0.2507493    
   2.140000     -0.2536822    
   2.150000     -0.2565805    
   2.160000     -0.2594440    
   2.170000     -0.2622724    
   2.180000     -0.2650654    
   2.190000     -0.2678227    
   2.200000     -0.2705437    
   2.210000     -0.2732285    
   2.220000     -0.2758766    
   2.230000     -0.2784879    
   2.240000     -0.2810618    
   2.250000     -0.2835983    
   2.260000     -0.2860970    
   2.270000     -0.2885578    
   2.280000     -0.2909802    
   2.290000     -0.2933641    
   2.300000     -0.2957092    
   2.310000     -0.2980153    
   2.320000     -0.3002821    
   2.330000     -0.3025094    
   2.340000     -0.3046970    
   2.350000     -0.3068447    
   2.360000     -0.3089522    
   2.370000     -0.3110193    
   2.380000     -0.3130460    
   2.390000     -0.3150318    
   2.400000     -0.3169766    
   2.410000     -0.3188804    
   2.420000     -0.3207428    
   2.430000     -0.3225637    
   2.440000     -0.3243430    
   2.450000     -0.3260804    
   2.460000     -0.3277759    
   2.470000     -0.3294294    
   2.480000     -0.3310404    
   2.490000     -0.3326090    
   2.500000     -0.3341353    
   2.510000     -0.3356187    
   2.520000     -0.3370595    
   2.530000     -0.3384573    
   2.540000     -0.3398121    
   2.550000     -0.3411239    
   2.560000     -0.3423924    
   2.570000     -0.3436177    
   2.580000     -0.3447996    
   2.590000     -0.3459381    
   2.600000     -0.3470330    
   2.610000     -0.3480844    
   2.620000     -0.3490921    
   2.630000     -0.3500561    
   2.640000     -0.3509764    
   2.650000     -0.3518530    
   2.660000     -0.3526857    
   2.670000     -0.3534746    
   2.680000     -0.3542196    
   2.690000     -0.3549208    
   2.700000     -0.3555780    
   2.710000     -0.3561914    
   2.720000     -0.3567609    
   2.730000     -0.3572864    
   2.740000     -0.3577682    
   2.750000     -0.3582061    
   2.760000     -0.3586002    
   2.770000     -0.3589503    
   2.780000     -0.3592569    
   2.790000     -0.3595196    
   2.800000     -0.3597388    
   2.810000     -0.3599142    
   2.820000     -0.3600462    
   2.830000     -0.3601346    
   2.840000     -0.3601797    
   2.850000     -0.3601814    
   2.860000     -0.3601398    
   2.870000     -0.3600551    
   2.880000     -0.3599273    
   2.890000     -0.3597565    
   2.900000     -0.3595429    
   2.910000     -0.3592865    
   2.920000     -0.3589875    
   2.930000     -0.3586459    
   2.940000     -0.3582619    
   2.950000     -0.3578356    
   2.960000     -0.3573672    
   2.970000     -0.3568568    
   2.980000     -0.3563045    
   2.990000     -0.3557105    
   3.000000     -0.3550750    
   3.010000     -0.3543981    
   3.020000     -0.3536800    
   3.030000     -0.3529208    
   3.040000     -0.3521207    
   3.050000     -0.3512799    
   3.060000     -0.3503986    
   3.070000     -0.3494769    
   3.080000     -0.3485152    
   3.090000     -0.3475133    
   3.100000     -0.3464719    
   3.110000     -0.3453908    
   3.120000     -0.3442705    
   3.130000     -0.3431109    
   3.140000     -0.3419125    
   3.150000     -0.3406753    
   3.160000     -0.3393998    
   3.170000     -0.3380859    
   3.180000     -0.3367342    
   3.190000     -0.3353445    
   3.200000     -0.3339174    
   3.210000     -0.3324530    
   3.220000     -0.3309515    
   3.230000     -0.3294134    
   3.240000     -0.3278387    
   3.250000     -0.3262277    
   3.260000     -0.3245808    
   3.270000     -0.3228981    
   3.280000     -0.3211799    
   3.290000     -0.3194265    
   3.300000     -0.3176383    
   3.310000     -0.3158155    
   3.320000     -0.3139583    
   3.330000     -0.3120671    
   3.340000     -0.3101420    
   3.350000     -0.3081836    
   3.360000     -0.3061921    
   3.370000     -0.3041677    
   3.380000     -0.3021108    
   3.390000     -0.3000217    
   3.400000     -0.2979006    
   3.410000     -0.2957479    
   3.420000     -0.2935642    
   3.430000     -0.2913493    
   3.440000     -0.2891039    
   3.450000     -0.2868281    
   3.460000     -0.2845226    
   3.470000     -0.2821873    
   3.480000     -0.2798229    
   3.490000     -0.2774295    
   3.500000     -0.2750076    
   3.510000     -0.2725575    
   3.520000     -0.2700795    
   3.530000     -0.2675741    
   3.540000     -0.2650417    
   3.550000     -0.2624823    
   3.560000     -0.2598967    
   3.570000     -0.2572850    
   3.580000     -0.2546478    
   3.590000     -0.2519852    
   3.600000     -0.2492978    
   3.610000     -0.2465860    
   3.620000     -0.2438501    
   3.630000     -0.2410905    
   3.640000     -0.2383075    
   3.650000     -0.2355017    
   3.660000     -0.2326734    
   3.670000     -0.2298229    
   3.680000     -0.2269508    
   3.690000     -0.2240574    
   3.700000     -0.2211431    
   3.710000     -0.2182084    
   3.720000     -0.2152536    
   3.730000     -0.2122792    
   3.740000     -0.2092855    
   3.750000     -0.2062731    
   3.760000     -0.2032423    
   3.770000     -0.2001936    
   3.780000     -0.1971274    
   3.790000     -0.1940440    
   3.800000     -0.1909439    
   3.810000     -0.1878277    
   3.820000     -0.1846957    
   3.830000     -0.1815483    
   3.840000     -0.1783859    
   3.850000     -0.1752090    
   3.860000     -0.1720181    
   3.870000     -0.1688136    
   3.880000     -0.1655959    
   3.890000     -0.1623655    
   3.900000     -0.1591227    
   3.910000     -0.1558681    
   3.920000     -0.1526021    
   3.930000     -0.1493251    
   3.940000     -0.1460375    
   3.950000     -0.1427399    
   3.960000     -0.1394326    
   3.970000     -0.1361161    
   3.980000     -0.1327907    
   3.990000     -0.1294571    
   4.000000     -0.1261155    
   4.010000     -0.1227666    
   4.020000     -0.1194106    
   4.030000     -0.1160480    
   4.040000     -0.1126793    
   4.050000     -0.1093050    
   4.060000     -0.1059252    
   4.070000     -0.1025408    
   4.080000     -0.9915200E-01
   4.090000     -0.9575921E-01
   4.100000     -0.9236296E-01
   4.110000     -0.8896360E-01
   4.120000     -0.8556162E-01
   4.130000     -0.8215745E-01
   4.140000     -0.7875152E-01
   4.150000     -0.7534422E-01
   4.160000     -0.7193604E-01
   4.170000     -0.6852737E-01
   4.180000     -0.6511865E-01
   4.190000     -0.6171032E-01
   4.200000     -0.5830278E-01
   4.210000     -0.5489648E-01
   4.220000     -0.5149182E-01
   4.230000     -0.4808924E-01
   4.240000     -0.4468914E-01
   4.250000     -0.4129197E-01
   4.260000     -0.3789812E-01
   4.270000     -0.3450801E-01
   4.280000     -0.3112207E-01
   4.290000     -0.2774070E-01
   4.300000     -0.2436431E-01
   4.310000     -0.2099332E-01
   4.320000     -0.1762813E-01
   4.330000     -0.1426915E-01
   4.340000     -0.1091677E-01
   4.350000     -0.7571421E-02
   4.360000     -0.4233491E-02
   4.370000     -0.9033685E-03
   4.380000      0.2418536E-02
   4.390000      0.5731829E-02
   4.400000      0.9036123E-02
   4.410000      0.1233102E-01
   4.420000      0.1561614E-01
   4.430000      0.1889108E-01
   4.440000      0.2215546E-01
   4.450000      0.2540890E-01
   4.460000      0.2865102E-01
   4.470000      0.3188144E-01
   4.480000      0.3509977E-01
   4.490000      0.3830565E-01
   4.500000      0.4149870E-01
   4.510000      0.4467855E-01
   4.520000      0.4784483E-01
   4.530000      0.5099719E-01
   4.540000      0.5413523E-01
   4.550000      0.5725864E-01
   4.560000      0.6036702E-01
   4.570000      0.6346003E-01
   4.580000      0.6653731E-01
   4.590000      0.6959852E-01
   4.600000      0.7264331E-01
   4.610000      0.7567132E-01
   4.620000      0.7868220E-01
   4.630000      0.8167565E-01
   4.640000      0.8465130E-01
   4.650000      0.8760882E-01
   4.660000      0.9054786E-01
   4.670000      0.9346817E-01
   4.680000      0.9636926E-01
   4.690000      0.9925102E-01
   4.700000      0.1021130    
   4.710000      0.1049549    
   4.720000      0.1077763    
   4.730000      0.1105770    
   4.740000      0.1133568    
   4.750000      0.1161153    
   4.760000      0.1188521    
   4.770000      0.1215670    
   4.780000      0.1242596    
   4.790000      0.1269297    
   4.800000      0.1295771    
   4.810000      0.1322014    
   4.820000      0.1348023    
   4.830000      0.1373796    
   4.840000      0.1399329    
   4.850000      0.1424620    
   4.860000      0.1449666    
   4.870000      0.1474466    
   4.880000      0.1499015    
   4.890000      0.1523312    
   4.900000      0.1547354    
   4.910000      0.1571138    
   4.920000      0.1594662    
   4.930000      0.1617924    
   4.940000      0.1640921    
   4.950000      0.1663650    
   4.960000      0.1686109    
   4.970000      0.1708297    
   4.980000      0.1730211    
   4.990000      0.1751847    
   5.000000      0.1773205    
   5.010000      0.1794284    
   5.020000      0.1815078    
   5.030000      0.1835589    
   5.040000      0.1855812    
   5.050000      0.1875745    
   5.060000      0.1895388    
   5.070000      0.1914738    
   5.080000      0.1933794    
   5.090000      0.1952552    
   5.100000      0.1971013    
   5.110000      0.1989173    
   5.120000      0.2007032    
   5.130000      0.2024587    
   5.140000      0.2041837    
   5.150000      0.2058780    
   5.160000      0.2075415    
   5.170000      0.2091740    
   5.180000      0.2107754    
   5.190000      0.2123454    
   5.200000      0.2138841    
   5.210000      0.2153913    
   5.220000      0.2168668    
   5.230000      0.2183105    
   5.240000      0.2197222    
   5.250000      0.2211020    
   5.260000      0.2224495    
   5.270000      0.2237649    
   5.280000      0.2250479    
   5.290000      0.2262983    
   5.300000      0.2275163    
   5.310000      0.2287016    
   5.320000      0.2298543    
   5.330000      0.2309740    
   5.340000      0.2320609    
   5.350000      0.2331148    
   5.360000      0.2341358    
   5.370000      0.2351236    
   5.380000      0.2360784    
   5.390000      0.2369999    
   5.400000      0.2378882    
   5.410000      0.2387432    
   5.420000      0.2395649    
   5.430000      0.2403533    
   5.440000      0.2411082    
   5.450000      0.2418298    
   5.460000      0.2425180    
   5.470000      0.2431727    
   5.480000      0.2437940    
   5.490000      0.2443818    
   5.500000      0.2449362    
   5.510000      0.2454571    
   5.520000      0.2459447    
   5.530000      0.2463988    
   5.540000      0.2468196    
   5.550000      0.2472068    
   5.560000      0.2475609    
   5.570000      0.2478816    
   5.580000      0.2481689    
   5.590000      0.2484231    
   5.600000      0.2486440    
   5.610000      0.2488319    
   5.620000      0.2489867    
   5.630000      0.2491084    
   5.640000      0.2491972    
   5.650000      0.2492532    
   5.660000      0.2492762    
   5.670000      0.2492666    
   5.680000      0.2492242    
   5.690000      0.2491493    
   5.700000      0.2490420    
   5.710000      0.2489022    
   5.720000      0.2487302    
   5.730000      0.2485260    
   5.740000      0.2482897    
   5.750000      0.2480214    
   5.760000      0.2477213    
   5.770000      0.2473894    
   5.780000      0.2470259    
   5.790000      0.2466309    
   5.800000      0.2462046    
   5.810000      0.2457470    
   5.820000      0.2452583    
   5.830000      0.2447387    
   5.840000      0.2441883    
   5.850000      0.2436073    
   5.860000      0.2429957    
   5.870000      0.2423538    
   5.880000      0.2416818    
   5.890000      0.2409797    
   5.900000      0.2402478    
   5.910000      0.2394861    
   5.920000      0.2386951    
   5.930000      0.2378746    
   5.940000      0.2370251    
   5.950000      0.2361465    
   5.960000      0.2352392    
   5.970000      0.2343035    
   5.980000      0.2333392    
   5.990000      0.2323468    
   6.000000      0.2313264    
   6.010000      0.2302781    
   6.020000      0.2292025    
   6.030000      0.2280994    
   6.040000      0.2269692    
   6.050000      0.2258120    
   6.060000      0.2246282    
   6.070000      0.2234179    
   6.080000      0.2221814    
   6.090000      0.2209187    
   6.100000      0.2196304    
   6.110000      0.2183166    
   6.120000      0.2169774    
   6.130000      0.2156131    
   6.140000      0.2142240    
   6.150000      0.2128104    
   6.160000      0.2113725    
   6.170000      0.2099104    
   6.180000      0.2084245    
   6.190000      0.2069151    
   6.200000      0.2053824    
   6.210000      0.2038267    
   6.220000      0.2022482    
   6.230000      0.2006471    
   6.240000      0.1990239    
   6.250000      0.1973787    
   6.260000      0.1957118    
   6.270000      0.1940235    
   6.280000      0.1923140    
   6.290000      0.1905838    
   6.300000      0.1888329    
   6.310000      0.1870618    
   6.320000      0.1852706    
   6.330000      0.1834597    
   6.340000      0.1816294    
   6.350000      0.1797800    
   6.360000      0.1779118    
   6.370000      0.1760249    
   6.380000      0.1741198    
   6.390000      0.1721968    
   6.400000      0.1702561    
   6.410000      0.1682981    
   6.420000      0.1663230    
   6.430000      0.1643311    
   6.440000      0.1623229    
   6.450000      0.1602985    
   6.460000      0.1582582    
   6.470000      0.1562023    
   6.480000      0.1541313    
   6.490000      0.1520454    
   6.500000      0.1499449    
   6.510000      0.1478300    
   6.520000      0.1457013    
   6.530000      0.1435588    
   6.540000      0.1414030    
   6.550000      0.1392341    
   6.560000      0.1370526    
   6.570000      0.1348587    
   6.580000      0.1326527    
   6.590000      0.1304349    
   6.600000      0.1282056    
   6.610000      0.1259653    
   6.620000      0.1237141    
   6.630000      0.1214525    
   6.640000      0.1191807    
   6.650000      0.1168991    
   6.660000      0.1146080    
   6.670000      0.1123077    
   6.680000      0.1099985    
   6.690000      0.1076809    
   6.700000      0.1053549    
   6.710000      0.1030212    
   6.720000      0.1006799    
   6.730000      0.9833130E-01
   6.740000      0.9597593E-01
   6.750000      0.9361392E-01
   6.760000      0.9124573E-01
   6.770000      0.8887163E-01
   6.780000      0.8649194E-01
   6.790000      0.8410704E-01
   6.800000      0.8171726E-01
   6.810000      0.7932287E-01
   6.820000      0.7692430E-01
   6.830000      0.7452180E-01
   6.840000      0.7211571E-01
   6.850000      0.6970644E-01
   6.860000      0.6729426E-01
   6.870000      0.6487952E-01
   6.880000      0.6246257E-01
   6.890000      0.6004373E-01
   6.900000      0.5762333E-01
   6.910000      0.5520173E-01
   6.920000      0.5277926E-01
   6.930000      0.5035626E-01
   6.940000      0.4793303E-01
   6.950000      0.4550995E-01
   6.960000      0.4308735E-01
   6.970000      0.4066556E-01
   6.980000      0.3824490E-01
   6.990000      0.3582573E-01
   7.000000      0.3340838E-01
   7.010000      0.3099318E-01
   7.020000      0.2858046E-01
   7.030000      0.2617057E-01
   7.040000      0.2376383E-01
   7.050000      0.2136057E-01
   7.060000      0.1896114E-01
   7.070000      0.1656586E-01
   7.080000      0.1417506E-01
   7.090000      0.1178906E-01
   7.100000      0.9408211E-02
   7.110000      0.7032826E-02
   7.120000      0.4663234E-02
   7.130000      0.2299759E-02
   7.140000     -0.5727678E-04
   7.150000     -0.2407545E-02
   7.160000     -0.4750731E-02
   7.170000     -0.7086510E-02
   7.180000     -0.9414568E-02
   7.190000     -0.1173458E-01
   7.200000     -0.1404624E-01
   7.210000     -0.1634924E-01
   7.220000     -0.1864326E-01
   7.230000     -0.2092798E-01
   7.240000     -0.2320312E-01
   7.250000     -0.2546835E-01
   7.260000     -0.2772337E-01
   7.270000     -0.2996788E-01
   7.280000     -0.3220159E-01
   7.290000     -0.3442419E-01
   7.300000     -0.3663540E-01
   7.310000     -0.3883490E-01
   7.320000     -0.4102242E-01
   7.330000     -0.4319767E-01
   7.340000     -0.4536035E-01
   7.350000     -0.4751020E-01
   7.360000     -0.4964691E-01
   7.370000     -0.5177022E-01
   7.380000     -0.5387986E-01
   7.390000     -0.5597552E-01
   7.400000     -0.5805696E-01
   7.410000     -0.6012391E-01
   7.420000     -0.6217610E-01
   7.430000     -0.6421324E-01
   7.440000     -0.6623512E-01
   7.450000     -0.6824145E-01
   7.460000     -0.7023196E-01
   7.470000     -0.7220643E-01
   7.480000     -0.7416458E-01
   7.490000     -0.7610620E-01
   7.500000     -0.7803103E-01
   7.510000     -0.7993880E-01
   7.520000     -0.8182929E-01
   7.530000     -0.8370232E-01
   7.540000     -0.8555758E-01
   7.550000     -0.8739489E-01
   7.560000     -0.8921399E-01
   7.570000     -0.9101470E-01
   7.580000     -0.9279673E-01
   7.590000     -0.9455998E-01
   7.600000     -0.9630409E-01
   7.610000     -0.9802903E-01
   7.620000     -0.9973441E-01
   7.630000     -0.1014201    
   7.640000     -0.1030860    
   7.650000     -0.1047318    
   7.660000     -0.1063573    
   7.670000     -0.1079625    
   7.680000     -0.1095469    
   7.690000     -0.1111106    
   7.700000     -0.1126532    
   7.710000     -0.1141748    
   7.720000     -0.1156749    
   7.730000     -0.1171536    
   7.740000     -0.1186106    
   7.750000     -0.1200459    
   7.760000     -0.1214591    
   7.770000     -0.1228503    
   7.780000     -0.1242191    
   7.790000     -0.1255656    
   7.800000     -0.1268895    
   7.810000     -0.1281908    
   7.820000     -0.1294692    
   7.830000     -0.1307247    
   7.840000     -0.1319572    
   7.850000     -0.1331666    
   7.860000     -0.1343525    
   7.870000     -0.1355151    
   7.880000     -0.1366542    
   7.890000     -0.1377696    
   7.900000     -0.1388614    
   7.910000     -0.1399293    
   7.920000     -0.1409735    
   7.930000     -0.1419935    
   7.940000     -0.1429895    
   7.950000     -0.1439614    
   7.960000     -0.1449090    
   7.970000     -0.1458324    
   7.980000     -0.1467313    
   7.990000     -0.1476058    
   8.000000     -0.1484558    
   8.010000     -0.1492813    
   8.020000     -0.1500821    
   8.030000     -0.1508584    
   8.040000     -0.1516097    
   8.050000     -0.1523364    
   8.060000     -0.1530383    
   8.070000     -0.1537154    
   8.080000     -0.1543676    
   8.090000     -0.1549948    
   8.100000     -0.1555972    
   8.110000     -0.1561745    
   8.120000     -0.1567269    
   8.130000     -0.1572542    
   8.140000     -0.1577566    
   8.150000     -0.1582339    
   8.160000     -0.1586861    
   8.170000     -0.1591133    
   8.180000     -0.1595155    
   8.190000     -0.1598926    
   8.200000     -0.1602447    
   8.210000     -0.1605716    
   8.220000     -0.1608737    
   8.230000     -0.1611506    
   8.240000     -0.1614025    
   8.250000     -0.1616295    
   8.260000     -0.1618315    
   8.270000     -0.1620085    
   8.280000     -0.1621607    
   8.290000     -0.1622879    
   8.300000     -0.1623903    
   8.310000     -0.1624679    
   8.320000     -0.1625207    
   8.330000     -0.1625488    
   8.340000     -0.1625522    
   8.350000     -0.1625310    
   8.360000     -0.1624852    
   8.370000     -0.1624150    
   8.380000     -0.1623202    
   8.390000     -0.1622011    
   8.400000     -0.1620577    
   8.410000     -0.1618900    
   8.420000     -0.1616982    
   8.430000     -0.1614822    
   8.440000     -0.1612422    
   8.450000     -0.1609784    
   8.460000     -0.1606906    
   8.470000     -0.1603792    
   8.480000     -0.1600441    
   8.490000     -0.1596854    
   8.500000     -0.1593034    
   8.510000     -0.1588980    
   8.520000     -0.1584693    
   8.530000     -0.1580176    
   8.540000     -0.1575429    
   8.550000     -0.1570453    
   8.560000     -0.1565249    
   8.570000     -0.1559820    
   8.580000     -0.1554165    
   8.590000     -0.1548287    
   8.600000     -0.1542187    
   8.610000     -0.1535866    
   8.620000     -0.1529326    
   8.630000     -0.1522569    
   8.640000     -0.1515595    
   8.650000     -0.1508406    
   8.660000     -0.1501005    
   8.670000     -0.1493392    
   8.680000     -0.1485570    
   8.690000     -0.1477539    
   8.700000     -0.1469302    
   8.710000     -0.1460861    
   8.720000     -0.1452217    
   8.730000     -0.1443372    
   8.740000     -0.1434327    
   8.750000     -0.1425086    
   8.760000     -0.1415650    
   8.770000     -0.1406020    
   8.780000     -0.1396198    
   8.790000     -0.1386188    
   8.800000     -0.1375990    
   8.810000     -0.1365606    
   8.820000     -0.1355040    
   8.830000     -0.1344292    
   8.840000     -0.1333366    
   8.850000     -0.1322263    
   8.860000     -0.1310984    
   8.870000     -0.1299535    
   8.880000     -0.1287914    
   8.890000     -0.1276125    
   8.900000     -0.1264172    
   8.910000     -0.1252054    
   8.920000     -0.1239776    
   8.930000     -0.1227339    
   8.940000     -0.1214746    
   8.950000     -0.1201999    
   8.960000     -0.1189100    
   8.970000     -0.1176053    
   8.980000     -0.1162859    
   8.990000     -0.1149521    
   9.000000     -0.1136042    
   9.010000     -0.1122423    
   9.020000     -0.1108667    
   9.030000     -0.1094779    
   9.040000     -0.1080757    
   9.050000     -0.1066608    
   9.060000     -0.1052332    
   9.070000     -0.1037932    
   9.080000     -0.1023412    
   9.090000     -0.1008773    
   9.100000     -0.9940182E-01
   9.110000     -0.9791507E-01
   9.120000     -0.9641723E-01
   9.130000     -0.9490865E-01
   9.140000     -0.9338956E-01
   9.150000     -0.9186023E-01
   9.160000     -0.9032095E-01
   9.170000     -0.8877196E-01
   9.180000     -0.8721358E-01
   9.190000     -0.8564609E-01
   9.200000     -0.8406970E-01
   9.210000     -0.8248476E-01
   9.220000     -0.8089148E-01
   9.230000     -0.7929021E-01
   9.240000     -0.7768115E-01
   9.250000     -0.7606463E-01
   9.260000     -0.7444093E-01
   9.270000     -0.7281033E-01
   9.280000     -0.7117310E-01
   9.290000     -0.6952951E-01
   9.300000     -0.6787985E-01
   9.310000     -0.6622443E-01
   9.320000     -0.6456349E-01
   9.330000     -0.6289735E-01
   9.340000     -0.6122625E-01
   9.350000     -0.5955052E-01
   9.360000     -0.5787042E-01
   9.370000     -0.5618622E-01
   9.380000     -0.5449824E-01
   9.390000     -0.5280672E-01
   9.400000     -0.5111197E-01
   9.410000     -0.4941426E-01
   9.420000     -0.4771390E-01
   9.430000     -0.4601113E-01
   9.440000     -0.4430626E-01
   9.450000     -0.4259956E-01
   9.460000     -0.4089131E-01
   9.470000     -0.3918180E-01
   9.480000     -0.3747131E-01
   9.490000     -0.3576012E-01
   9.500000     -0.3404850E-01
   9.510000     -0.3233673E-01
   9.520000     -0.3062509E-01
   9.530000     -0.2891386E-01
   9.540000     -0.2720332E-01
   9.550000     -0.2549373E-01
   9.560000     -0.2378538E-01
   9.570000     -0.2207853E-01
   9.580000     -0.2037347E-01
   9.590000     -0.1867046E-01
   9.600000     -0.1696977E-01
   9.610000     -0.1527168E-01
   9.620000     -0.1357643E-01
   9.630000     -0.1188433E-01
   9.640000     -0.1019561E-01
   9.650000     -0.8510555E-02
   9.660000     -0.6829419E-02
   9.670000     -0.5152462E-02
   9.680000     -0.3479952E-02
   9.690000     -0.1812145E-02
   9.700000     -0.1493022E-03
   9.710000      0.1508321E-02
   9.720000      0.3160477E-02
   9.730000      0.4806899E-02
   9.740000      0.6447352E-02
   9.750000      0.8081570E-02
   9.760000      0.9709314E-02
   9.770000      0.1133033E-01
   9.780000      0.1294438E-01
   9.790000      0.1455121E-01
   9.800000      0.1615059E-01
   9.810000      0.1774227E-01
   9.820000      0.1932602E-01
   9.830000      0.2090159E-01
   9.840000      0.2246876E-01
   9.850000      0.2402730E-01
   9.860000      0.2557695E-01
   9.870000      0.2711751E-01
   9.880000      0.2864875E-01
   9.890000      0.3017043E-01
   9.900000      0.3168233E-01
   9.910000      0.3318425E-01
   9.920000      0.3467594E-01
   9.930000      0.3615720E-01
   9.940000      0.3762782E-01
   9.950000      0.3908757E-01
   9.960000      0.4053626E-01
   9.970000      0.4197367E-01
   9.980000      0.4339959E-01
   9.990000      0.4481383E-01
   10.00000      0.4621617E-01
   10.01000      0.4760643E-01
   10.02000      0.4898441E-01
   10.03000      0.5034991E-01
   10.04000      0.5170273E-01
   10.05000      0.5304270E-01
   10.06000      0.5436963E-01
   10.07000      0.5568333E-01
   10.08000      0.5698362E-01
   10.09000      0.5827032E-01
   10.10000      0.5954327E-01
   10.11000      0.6080226E-01
   10.12000      0.6204717E-01
   10.13000      0.6327779E-01
   10.14000      0.6449397E-01
   10.15000      0.6569556E-01
   10.16000      0.6688239E-01
   10.17000      0.6805429E-01
   10.18000      0.6921114E-01
   10.19000      0.7035277E-01
   10.20000      0.7147903E-01
   10.21000      0.7258979E-01
   10.22000      0.7368490E-01
   10.23000      0.7476420E-01
   10.24000      0.7582760E-01
   10.25000      0.7687495E-01
   10.26000      0.7790610E-01
   10.27000      0.7892097E-01
   10.28000      0.7991939E-01
   10.29000      0.8090128E-01
   10.30000      0.8186647E-01
   10.31000      0.8281492E-01
   10.32000      0.8374648E-01
   10.33000      0.8466102E-01
   10.34000      0.8555851E-01
   10.35000      0.8643878E-01
   10.36000      0.8730176E-01
   10.37000      0.8814736E-01
   10.38000      0.8897552E-01
   10.39000      0.8978612E-01
   10.40000      0.9057907E-01
   10.41000      0.9135430E-01
   10.42000      0.9211175E-01
   10.43000      0.9285134E-01
   10.44000      0.9357298E-01
   10.45000      0.9427665E-01
   10.46000      0.9496231E-01
   10.47000      0.9562981E-01
   10.48000      0.9627908E-01
   10.49000      0.9691020E-01
   10.50000      0.9752307E-01
   10.51000      0.9811755E-01
   10.52000      0.9869374E-01
   10.53000      0.9925157E-01
   10.54000      0.9979092E-01
   10.55000      0.1003118    
   10.56000      0.1008143    
   10.57000      0.1012982    
   10.58000      0.1017636    
   10.59000      0.1022105    
   10.60000      0.1026388    
   10.61000      0.1030486    
   10.62000      0.1034397    
   10.63000      0.1038125    
   10.64000      0.1041665    
   10.65000      0.1045021    
   10.66000      0.1048190    
   10.67000      0.1051174    
   10.68000      0.1053973    
   10.69000      0.1056587    
   10.70000      0.1059016    
   10.71000      0.1061261    
   10.72000      0.1063320    
   10.73000      0.1065197    
   10.74000      0.1066889    
   10.75000      0.1068398    
   10.76000      0.1069724    
   10.77000      0.1070867    
   10.78000      0.1071829    
   10.79000      0.1072609    
   10.80000      0.1073208    
   10.81000      0.1073627    
   10.82000      0.1073866    
   10.83000      0.1073926    
   10.84000      0.1073807    
   10.85000      0.1073510    
   10.86000      0.1073036    
   10.87000      0.1072385    
   10.88000      0.1071560    
   10.89000      0.1070559    
   10.90000      0.1069384    
   10.91000      0.1068035    
   10.92000      0.1066515    
   10.93000      0.1064823    
   10.94000      0.1062960    
   10.95000      0.1060928    
   10.96000      0.1058727    
   10.97000      0.1056359    
   10.98000      0.1053824    
   10.99000      0.1051124    
   11.00000      0.1048259    
   11.01000      0.1045231    
   11.02000      0.1042041    
   11.03000      0.1038688    
   11.04000      0.1035177    
   11.05000      0.1031507    
   11.06000      0.1027679    
   11.07000      0.1023695    
   11.08000      0.1019555    
   11.09000      0.1015263    
   11.10000      0.1010817    
   11.11000      0.1006221    
   11.12000      0.1001475    
   11.13000      0.9965803E-01
   11.14000      0.9915384E-01
   11.15000      0.9863509E-01
   11.16000      0.9810195E-01
   11.17000      0.9755453E-01
   11.18000      0.9699298E-01
   11.19000      0.9641744E-01
   11.20000      0.9582812E-01
   11.21000      0.9522506E-01
   11.22000      0.9460857E-01
   11.23000      0.9397868E-01
   11.24000      0.9333559E-01
   11.25000      0.9267949E-01
   11.26000      0.9201053E-01
   11.27000      0.9132885E-01
   11.28000      0.9063464E-01
   11.29000      0.8992802E-01
   11.30000      0.8920924E-01
   11.31000      0.8847850E-01
   11.32000      0.8773581E-01
   11.33000      0.8698150E-01
   11.34000      0.8621571E-01
   11.35000      0.8543864E-01
   11.36000      0.8465041E-01
   11.37000      0.8385123E-01
   11.38000      0.8304132E-01
   11.39000      0.8222087E-01
   11.40000      0.8138999E-01
   11.41000      0.8054894E-01
   11.42000      0.7969789E-01
   11.43000      0.7883707E-01
   11.44000      0.7796662E-01
   11.45000      0.7708677E-01
   11.46000      0.7619769E-01
   11.47000      0.7529960E-01
   11.48000      0.7439268E-01
   11.49000      0.7347715E-01
   11.50000      0.7255322E-01
   11.51000      0.7162107E-01
   11.52000      0.7068092E-01
   11.53000      0.6973296E-01
   11.54000      0.6877740E-01
   11.55000      0.6781444E-01
   11.56000      0.6684429E-01
   11.57000      0.6586715E-01
   11.58000      0.6488326E-01
   11.59000      0.6389278E-01
   11.60000      0.6289595E-01
   11.61000      0.6189296E-01
   11.62000      0.6088404E-01
   11.63000      0.5986937E-01
   11.64000      0.5884916E-01
   11.65000      0.5782366E-01
   11.66000      0.5679303E-01
   11.67000      0.5575750E-01
   11.68000      0.5471727E-01
   11.69000      0.5367256E-01
   11.70000      0.5262357E-01
   11.71000      0.5157051E-01
   11.72000      0.5051359E-01
   11.73000      0.4945300E-01
   11.74000      0.4838896E-01
   11.75000      0.4732169E-01
   11.76000      0.4625137E-01
   11.77000      0.4517822E-01
   11.78000      0.4410244E-01
   11.79000      0.4302423E-01
   11.80000      0.4194381E-01
   11.81000      0.4086135E-01
   11.82000      0.3977709E-01
   11.83000      0.3869121E-01
   11.84000      0.3760392E-01
   11.85000      0.3651541E-01
   11.86000      0.3542590E-01
   11.87000      0.3433556E-01
   11.88000      0.3324460E-01
   11.89000      0.3215323E-01
   11.90000      0.3106163E-01
   11.91000      0.2997000E-01
   11.92000      0.2887854E-01
   11.93000      0.2778744E-01
   11.94000      0.2669688E-01
   11.95000      0.2560708E-01
   11.96000      0.2451821E-01
   11.97000      0.2343046E-01
   11.98000      0.2234404E-01
   11.99000      0.2125911E-01
   12.00000      0.2017588E-01
   12.01000      0.1909452E-01
   12.02000      0.1801522E-01
   12.03000      0.1693816E-01
   12.04000      0.1586354E-01
   12.05000      0.1479152E-01
   12.06000      0.1372229E-01
   12.07000      0.1265603E-01
   12.08000      0.1159292E-01
   12.09000      0.1053312E-01
   12.10000      0.9476828E-02
   12.11000      0.8424202E-02
   12.12000      0.7375424E-02
   12.13000      0.6330657E-02
   12.14000      0.5290074E-02
   12.15000      0.4253837E-02
   12.16000      0.3222123E-02
   12.17000      0.2195090E-02
   12.18000      0.1172896E-02
   12.19000      0.1557144E-03
   12.20000     -0.8563044E-03
   12.21000     -0.1863000E-02
   12.22000     -0.2864224E-02
   12.23000     -0.3859808E-02
   12.24000     -0.4849607E-02
   12.25000     -0.5833469E-02
   12.26000     -0.6811255E-02
   12.27000     -0.7782802E-02
   12.28000     -0.8747978E-02
   12.29000     -0.9706635E-02
   12.30000     -0.1065863E-01
   12.31000     -0.1160384E-01
   12.32000     -0.1254211E-01
   12.33000     -0.1347331E-01
   12.34000     -0.1439732E-01
   12.35000     -0.1531400E-01
   12.36000     -0.1622323E-01
   12.37000     -0.1712487E-01
   12.38000     -0.1801881E-01
   12.39000     -0.1890492E-01
   12.40000     -0.1978309E-01
   12.41000     -0.2065320E-01
   12.42000     -0.2151514E-01
   12.43000     -0.2236880E-01
   12.44000     -0.2321406E-01
   12.45000     -0.2405081E-01
   12.46000     -0.2487895E-01
   12.47000     -0.2569839E-01
   12.48000     -0.2650903E-01
   12.49000     -0.2731074E-01
   12.50000     -0.2810346E-01
   12.51000     -0.2888709E-01
   12.52000     -0.2966153E-01
   12.53000     -0.3042669E-01
   12.54000     -0.3118249E-01
   12.55000     -0.3192885E-01
   12.56000     -0.3266568E-01
   12.57000     -0.3339290E-01
   12.58000     -0.3411044E-01
   12.59000     -0.3481822E-01
   12.60000     -0.3551619E-01
   12.61000     -0.3620423E-01
   12.62000     -0.3688233E-01
   12.63000     -0.3755039E-01
   12.64000     -0.3820836E-01
   12.65000     -0.3885616E-01
   12.66000     -0.3949375E-01
   12.67000     -0.4012108E-01
   12.68000     -0.4073808E-01
   12.69000     -0.4134471E-01
   12.70000     -0.4194091E-01
   12.71000     -0.4252664E-01
   12.72000     -0.4310186E-01
   12.73000     -0.4366652E-01
   12.74000     -0.4422058E-01
   12.75000     -0.4476400E-01
   12.76000     -0.4529675E-01
   12.77000     -0.4581879E-01
   12.78000     -0.4633010E-01
   12.79000     -0.4683065E-01
   12.80000     -0.4732039E-01
   12.81000     -0.4779934E-01
   12.82000     -0.4826744E-01
   12.83000     -0.4872469E-01
   12.84000     -0.4917106E-01
   12.85000     -0.4960654E-01
   12.86000     -0.5003113E-01
   12.87000     -0.5044479E-01
   12.88000     -0.5084756E-01
   12.89000     -0.5123938E-01
   12.90000     -0.5162028E-01
   12.91000     -0.5199025E-01
   12.92000     -0.5234931E-01
   12.93000     -0.5269743E-01
   12.94000     -0.5303463E-01
   12.95000     -0.5336093E-01
   12.96000     -0.5367633E-01
   12.97000     -0.5398085E-01
   12.98000     -0.5427450E-01
   12.99000     -0.5455729E-01
   13.00000     -0.5482925E-01
   13.01000     -0.5509041E-01
   13.02000     -0.5534078E-01
   13.03000     -0.5558039E-01
   13.04000     -0.5580928E-01
   13.05000     -0.5602747E-01
   13.06000     -0.5623501E-01
   13.07000     -0.5643192E-01
   13.08000     -0.5661824E-01
   13.09000     -0.5679401E-01
   13.10000     -0.5695928E-01
   13.11000     -0.5711409E-01
   13.12000     -0.5725849E-01
   13.13000     -0.5739253E-01
   13.14000     -0.5751626E-01
   13.15000     -0.5762974E-01
   13.16000     -0.5773302E-01
   13.17000     -0.5782615E-01
   13.18000     -0.5790921E-01
   13.19000     -0.5798224E-01
   13.20000     -0.5804531E-01
   13.21000     -0.5809850E-01
   13.22000     -0.5814187E-01
   13.23000     -0.5817548E-01
   13.24000     -0.5819941E-01
   13.25000     -0.5821373E-01
   13.26000     -0.5821852E-01
   13.27000     -0.5821385E-01
   13.28000     -0.5819980E-01
   13.29000     -0.5817645E-01
   13.30000     -0.5814389E-01
   13.31000     -0.5810219E-01
   13.32000     -0.5805143E-01
   13.33000     -0.5799172E-01
   13.34000     -0.5792311E-01
   13.35000     -0.5784573E-01
   13.36000     -0.5775964E-01
   13.37000     -0.5766493E-01
   13.38000     -0.5756171E-01
   13.39000     -0.5745006E-01
   13.40000     -0.5733008E-01
   13.41000     -0.5720185E-01
   13.42000     -0.5706549E-01
   13.43000     -0.5692107E-01
   13.44000     -0.5676871E-01
   13.45000     -0.5660849E-01
   13.46000     -0.5644052E-01
   13.47000     -0.5626489E-01
   13.48000     -0.5608170E-01
   13.49000     -0.5589106E-01
   13.50000     -0.5569306E-01
   13.51000     -0.5548781E-01
   13.52000     -0.5527541E-01
   13.53000     -0.5505595E-01
   13.54000     -0.5482954E-01
   13.55000     -0.5459629E-01
   13.56000     -0.5435629E-01
   13.57000     -0.5410964E-01
   13.58000     -0.5385646E-01
   13.59000     -0.5359684E-01
   13.60000     -0.5333089E-01
   13.61000     -0.5305870E-01
   13.62000     -0.5278038E-01
   13.63000     -0.5249605E-01
   13.64000     -0.5220578E-01
   13.65000     -0.5190970E-01
   13.66000     -0.5160790E-01
   13.67000     -0.5130049E-01
   13.68000     -0.5098757E-01
   13.69000     -0.5066923E-01
   13.70000     -0.5034559E-01
   13.71000     -0.5001675E-01
   13.72000     -0.4968281E-01
   13.73000     -0.4934385E-01
   13.74000     -0.4900001E-01
   13.75000     -0.4865137E-01
   13.76000     -0.4829803E-01
   13.77000     -0.4794010E-01
   13.78000     -0.4757767E-01
   13.79000     -0.4721084E-01
   13.80000     -0.4683972E-01
   13.81000     -0.4646441E-01
   13.82000     -0.4608500E-01
   13.83000     -0.4570160E-01
   13.84000     -0.4531430E-01
   13.85000     -0.4492319E-01
   13.86000     -0.4452839E-01
   13.87000     -0.4413000E-01
   13.88000     -0.4372809E-01
   13.89000     -0.4332279E-01
   13.90000     -0.4291416E-01
   13.91000     -0.4250233E-01
   13.92000     -0.4208738E-01
   13.93000     -0.4166941E-01
   13.94000     -0.4124851E-01
   13.95000     -0.4082479E-01
   13.96000     -0.4039833E-01
   13.97000     -0.3996923E-01
   13.98000     -0.3953758E-01
   13.99000     -0.3910349E-01
   14.00000     -0.3866703E-01
   14.01000     -0.3822831E-01
   14.02000     -0.3778742E-01
   14.03000     -0.3734444E-01
   14.04000     -0.3689947E-01
   14.05000     -0.3645261E-01
   14.06000     -0.3600395E-01
   14.07000     -0.3555356E-01
   14.08000     -0.3510156E-01
   14.09000     -0.3464801E-01
   14.10000     -0.3419303E-01
   14.11000     -0.3373668E-01
   14.12000     -0.3327906E-01
   14.13000     -0.3282026E-01
   14.14000     -0.3236037E-01
   14.15000     -0.3189948E-01
   14.16000     -0.3143766E-01
   14.17000     -0.3097502E-01
   14.18000     -0.3051162E-01
   14.19000     -0.3004758E-01
   14.20000     -0.2958294E-01
   14.21000     -0.2911781E-01
   14.22000     -0.2865229E-01
   14.23000     -0.2818643E-01
   14.24000     -0.2772033E-01
   14.25000     -0.2725408E-01
   14.26000     -0.2678775E-01
   14.27000     -0.2632142E-01
   14.28000     -0.2585517E-01
   14.29000     -0.2538910E-01
   14.30000     -0.2492326E-01
   14.31000     -0.2445776E-01
   14.32000     -0.2399265E-01
   14.33000     -0.2352802E-01
   14.34000     -0.2306396E-01
   14.35000     -0.2260053E-01
   14.36000     -0.2213780E-01
   14.37000     -0.2167586E-01
   14.38000     -0.2121479E-01
   14.39000     -0.2075464E-01
   14.40000     -0.2029551E-01
   14.41000     -0.1983745E-01
   14.42000     -0.1938054E-01
   14.43000     -0.1892485E-01
   14.44000     -0.1847045E-01
   14.45000     -0.1801741E-01
   14.46000     -0.1756579E-01
   14.47000     -0.1711566E-01
   14.48000     -0.1666710E-01
   14.49000     -0.1622016E-01
   14.50000     -0.1577490E-01
   14.51000     -0.1533139E-01
   14.52000     -0.1488970E-01
   14.53000     -0.1444987E-01
   14.54000     -0.1401197E-01
   14.55000     -0.1357607E-01
   14.56000     -0.1314220E-01
   14.57000     -0.1271044E-01
   14.58000     -0.1228084E-01
   14.59000     -0.1185345E-01
   14.60000     -0.1142831E-01
   14.61000     -0.1100549E-01
   14.62000     -0.1058503E-01
   14.63000     -0.1016698E-01
   14.64000     -0.9751392E-02
   14.65000     -0.9338304E-02
   14.66000     -0.8927760E-02
   14.67000     -0.8519808E-02
   14.68000     -0.8114490E-02
   14.69000     -0.7711842E-02
   14.70000     -0.7311907E-02
   14.71000     -0.6914720E-02
   14.72000     -0.6520321E-02
   14.73000     -0.6128733E-02
   14.74000     -0.5740006E-02
   14.75000     -0.5354162E-02
   14.76000     -0.4971234E-02
   14.77000     -0.4591258E-02
   14.78000     -0.4214250E-02
   14.79000     -0.3840247E-02
   14.80000     -0.3469267E-02
   14.81000     -0.3101339E-02
   14.82000     -0.2736484E-02
   14.83000     -0.2374713E-02
   14.84000     -0.2016071E-02
   14.85000     -0.1660556E-02
   14.86000     -0.1308187E-02
   14.87000     -0.9589863E-03
   14.88000     -0.6129689E-03
   14.89000     -0.2701469E-03
   14.90000      0.6947387E-04
   14.91000      0.4058632E-03
   14.92000      0.7390394E-03
   14.93000      0.1068973E-02
   14.94000      0.1395662E-02
   14.95000      0.1719100E-02
   14.96000      0.2039288E-02
   14.97000      0.2356215E-02
   14.98000      0.2669878E-02
   14.99000      0.2980278E-02
   15.00000      0.3287421E-02
   15.01000      0.3591298E-02
   15.02000      0.3891910E-02
   15.03000      0.4189260E-02
   15.04000      0.4483365E-02
   15.05000      0.4774213E-02
   15.06000      0.5061814E-02
   15.07000      0.5346180E-02
   15.08000      0.5627309E-02
   15.09000      0.5905228E-02
   15.10000      0.6179921E-02
   15.11000      0.6451411E-02
   15.12000      0.6719709E-02
   15.13000      0.6984825E-02
   15.14000      0.7246774E-02
   15.15000      0.7505565E-02
   15.16000      0.7761211E-02
   15.17000      0.8013730E-02
   15.18000      0.8263130E-02
   15.19000      0.8509430E-02
   15.20000      0.8752655E-02
   15.21000      0.8992806E-02
   15.22000      0.9229908E-02
   15.23000      0.9463979E-02
   15.24000      0.9695038E-02
   15.25000      0.9923095E-02
   15.26000      0.1014818E-01
   15.27000      0.1037029E-01
   15.28000      0.1058948E-01
   15.29000      0.1080573E-01
   15.30000      0.1101909E-01
   15.31000      0.1122957E-01
   15.32000      0.1143719E-01
   15.33000      0.1164197E-01
   15.34000      0.1184393E-01
   15.35000      0.1204309E-01
   15.36000      0.1223947E-01
   15.37000      0.1243310E-01
   15.38000      0.1262399E-01
   15.39000      0.1281218E-01
   15.40000      0.1299767E-01
   15.41000      0.1318049E-01
   15.42000      0.1336065E-01
   15.43000      0.1353820E-01
   15.44000      0.1371314E-01
   15.45000      0.1388550E-01
   15.46000      0.1405529E-01
   15.47000      0.1422256E-01
   15.48000      0.1438730E-01
   15.49000      0.1454954E-01
   15.50000      0.1470932E-01
   15.51000      0.1486664E-01
   15.52000      0.1502153E-01
   15.53000      0.1517402E-01
   15.54000      0.1532413E-01
   15.55000      0.1547187E-01
   15.56000      0.1561726E-01
   15.57000      0.1576034E-01
   15.58000      0.1590111E-01
   15.59000      0.1603961E-01
   15.60000      0.1617586E-01
   15.61000      0.1630986E-01
   15.62000      0.1644165E-01
   15.63000      0.1657126E-01
   15.64000      0.1669867E-01
   15.65000      0.1682395E-01
   15.66000      0.1694709E-01
   15.67000      0.1706811E-01
   15.68000      0.1718705E-01
   15.69000      0.1730391E-01
   15.70000      0.1741872E-01
   15.71000      0.1753150E-01
   15.72000      0.1764225E-01
   15.73000      0.1775101E-01
   15.74000      0.1785778E-01
   15.75000      0.1796259E-01
   15.76000      0.1806546E-01
   15.77000      0.1816640E-01
   15.78000      0.1826543E-01
   15.79000      0.1836256E-01
   15.80000      0.1845782E-01
   15.81000      0.1855121E-01
   15.82000      0.1864275E-01
   15.83000      0.1873246E-01
   15.84000      0.1882036E-01
   15.85000      0.1890644E-01
   15.86000      0.1899074E-01
   15.87000      0.1907327E-01
   15.88000      0.1915401E-01
   15.89000      0.1923302E-01
   15.90000      0.1931029E-01
   15.91000      0.1938583E-01
   15.92000      0.1945966E-01
   15.93000      0.1953177E-01
   15.94000      0.1960220E-01
   15.95000      0.1967095E-01
   15.96000      0.1973803E-01
   15.97000      0.1980344E-01
   15.98000      0.1986720E-01
   15.99000      0.1992931E-01
   16.00000      0.1998980E-01
   16.01000      0.2004866E-01
   16.02000      0.2010590E-01
   16.03000      0.2016153E-01
   16.04000      0.2021557E-01
   16.05000      0.2026800E-01
   16.06000      0.2031885E-01
   16.07000      0.2036812E-01
   16.08000      0.2041582E-01
   16.09000      0.2046195E-01
   16.10000      0.2050652E-01
   16.11000      0.2054954E-01
   16.12000      0.2059100E-01
   16.13000      0.2063093E-01
   16.14000      0.2066930E-01
   16.15000      0.2070616E-01
   16.16000      0.2074147E-01
   16.17000      0.2077526E-01
   16.18000      0.2080752E-01
   16.19000      0.2083827E-01
   16.20000      0.2086750E-01
   16.21000      0.2089521E-01
   16.22000      0.2092141E-01
   16.23000      0.2094610E-01
   16.24000      0.2096928E-01
   16.25000      0.2099096E-01
   16.26000      0.2101112E-01
   16.27000      0.2102978E-01
   16.28000      0.2104692E-01
   16.29000      0.2106256E-01
   16.30000      0.2107669E-01
   16.31000      0.2108931E-01
   16.32000      0.2110042E-01
   16.33000      0.2111001E-01
   16.34000      0.2111808E-01
   16.35000      0.2112462E-01
   16.36000      0.2112964E-01
   16.37000      0.2113314E-01
   16.38000      0.2113510E-01
   16.39000      0.2113553E-01
   16.40000      0.2113440E-01
   16.41000      0.2113173E-01
   16.42000      0.2112750E-01
   16.43000      0.2112170E-01
   16.44000      0.2111435E-01
   16.45000      0.2110541E-01
   16.46000      0.2109488E-01
   16.47000      0.2108276E-01
   16.48000      0.2106905E-01
   16.49000      0.2105372E-01
   16.50000      0.2103678E-01
   16.51000      0.2101822E-01
   16.52000      0.2099802E-01
   16.53000      0.2097617E-01
   16.54000      0.2095267E-01
   16.55000      0.2092752E-01
   16.56000      0.2090068E-01
   16.57000      0.2087217E-01
   16.58000      0.2084195E-01
   16.59000      0.2081005E-01
   16.60000      0.2077644E-01
   16.61000      0.2074110E-01
   16.62000      0.2070404E-01
   16.63000      0.2066524E-01
   16.64000      0.2062468E-01
   16.65000      0.2058238E-01
   16.66000      0.2053831E-01
   16.67000      0.2049246E-01
   16.68000      0.2044485E-01
   16.69000      0.2039543E-01
   16.70000      0.2034421E-01
   16.71000      0.2029119E-01
   16.72000      0.2023635E-01
   16.73000      0.2017970E-01
   16.74000      0.2012121E-01
   16.75000      0.2006089E-01
   16.76000      0.1999872E-01
   16.77000      0.1993472E-01
   16.78000      0.1986885E-01
   16.79000      0.1980112E-01
   16.80000      0.1973154E-01
   16.81000      0.1966008E-01
   16.82000      0.1958676E-01
   16.83000      0.1951154E-01
   16.84000      0.1943446E-01
   16.85000      0.1935548E-01
   16.86000      0.1927461E-01
   16.87000      0.1919186E-01
   16.88000      0.1910721E-01
   16.89000      0.1902067E-01
   16.90000      0.1893223E-01
   16.91000      0.1884188E-01
   16.92000      0.1874964E-01
   16.93000      0.1865550E-01
   16.94000      0.1855945E-01
   16.95000      0.1846150E-01
   16.96000      0.1836165E-01
   16.97000      0.1825990E-01
   16.98000      0.1815625E-01
   16.99000      0.1805071E-01
   17.00000      0.1794326E-01
   17.01000      0.1783391E-01
   17.02000      0.1772268E-01
   17.03000      0.1760956E-01
   17.04000      0.1749454E-01
   17.05000      0.1737764E-01
   17.06000      0.1725885E-01
   17.07000      0.1713819E-01
   17.08000      0.1701565E-01
   17.09000      0.1689125E-01
   17.10000      0.1676498E-01
   17.11000      0.1663685E-01
   17.12000      0.1650686E-01
   17.13000      0.1637503E-01
   17.14000      0.1624135E-01
   17.15000      0.1610583E-01
   17.16000      0.1596849E-01
   17.17000      0.1582931E-01
   17.18000      0.1568833E-01
   17.19000      0.1554553E-01
   17.20000      0.1540094E-01
   17.21000      0.1525454E-01
   17.22000      0.1510637E-01
   17.23000      0.1495642E-01
   17.24000      0.1480470E-01
   17.25000      0.1465122E-01
   17.26000      0.1449599E-01
   17.27000      0.1433903E-01
   17.28000      0.1418033E-01
   17.29000      0.1401992E-01
   17.30000      0.1385781E-01
   17.31000      0.1369399E-01
   17.32000      0.1352849E-01
   17.33000      0.1336132E-01
   17.34000      0.1319249E-01
   17.35000      0.1302201E-01
   17.36000      0.1284989E-01
   17.37000      0.1267614E-01
   17.38000      0.1250079E-01
   17.39000      0.1232384E-01
   17.40000      0.1214531E-01
   17.41000      0.1196520E-01
   17.42000      0.1178354E-01
   17.43000      0.1160034E-01
   17.44000      0.1141561E-01
   17.45000      0.1122937E-01
   17.46000      0.1104163E-01
   17.47000      0.1085241E-01
   17.48000      0.1066173E-01
   17.49000      0.1046960E-01
   17.50000      0.1027603E-01
   17.51000      0.1008104E-01
   17.52000      0.9884660E-02
   17.53000      0.9686889E-02
   17.54000      0.9487759E-02
   17.55000      0.9287281E-02
   17.56000      0.9085463E-02
   17.57000      0.8882343E-02
   17.58000      0.8677931E-02
   17.59000      0.8472236E-02
   17.60000      0.8265295E-02
   17.61000      0.8057121E-02
   17.62000      0.7847724E-02
   17.63000      0.7637138E-02
   17.64000      0.7425372E-02
   17.65000      0.7212455E-02
   17.66000      0.6998405E-02
   17.67000      0.6783251E-02
   17.68000      0.6567012E-02
   17.69000      0.6349700E-02
   17.70000      0.6131359E-02
   17.71000      0.5911994E-02
   17.72000      0.5691631E-02
   17.73000      0.5470314E-02
   17.74000      0.5248042E-02
   17.75000      0.5024863E-02
   17.76000      0.4800789E-02
   17.77000      0.4575851E-02
   17.78000      0.4350076E-02
   17.79000      0.4123502E-02
   17.80000      0.3896141E-02
   17.81000      0.3668037E-02
   17.82000      0.3439213E-02
   17.83000      0.3209702E-02
   17.84000      0.2979541E-02
   17.85000      0.2748743E-02
   17.86000      0.2517367E-02
   17.87000      0.2285435E-02
   17.88000      0.2052977E-02
   17.89000      0.1820037E-02
   17.90000      0.1586646E-02
   17.91000      0.1352845E-02
   17.92000      0.1118669E-02
   17.93000      0.8841573E-03
   17.94000      0.6493467E-03
   17.95000      0.4142882E-03
   17.96000      0.1790120E-03
   17.97000     -0.5644060E-04
   17.98000     -0.2920159E-03
   17.99000     -0.5276738E-03
   18.00000     -0.7633833E-03
   18.01000     -0.9990801E-03
   18.02000     -0.1234726E-02
   18.03000     -0.1470274E-02
   18.04000     -0.1705680E-02
   18.05000     -0.1940888E-02
   18.06000     -0.2175852E-02
   18.07000     -0.2410526E-02
   18.08000     -0.2644852E-02
   18.09000     -0.2878783E-02
   18.10000     -0.3112273E-02
   18.11000     -0.3345257E-02
   18.12000     -0.3577688E-02
   18.13000     -0.3809519E-02
   18.14000     -0.4040681E-02
   18.15000     -0.4271139E-02
   18.16000     -0.4500817E-02
   18.17000     -0.4729677E-02
   18.18000     -0.4957658E-02
   18.19000     -0.5184693E-02
   18.20000     -0.5410740E-02
   18.21000     -0.5635741E-02
   18.22000     -0.5859632E-02
   18.23000     -0.6082364E-02
   18.24000     -0.6303875E-02
   18.25000     -0.6524117E-02
   18.26000     -0.6743028E-02
   18.27000     -0.6960546E-02
   18.28000     -0.7176624E-02
   18.29000     -0.7391199E-02
   18.30000     -0.7604222E-02
   18.31000     -0.7815632E-02
   18.32000     -0.8025381E-02
   18.33000     -0.8233404E-02
   18.34000     -0.8439653E-02
   18.35000     -0.8644075E-02
   18.36000     -0.8846623E-02
   18.37000     -0.9047236E-02
   18.38000     -0.9245866E-02
   18.39000     -0.9442462E-02
   18.40000     -0.9636969E-02
   18.41000     -0.9829349E-02
   18.42000     -0.1001954E-01
   18.43000     -0.1020750E-01
   18.44000     -0.1039320E-01
   18.45000     -0.1057657E-01
   18.46000     -0.1075758E-01
   18.47000     -0.1093618E-01
   18.48000     -0.1111233E-01
   18.49000     -0.1128599E-01
   18.50000     -0.1145711E-01
   18.51000     -0.1162567E-01
   18.52000     -0.1179162E-01
   18.53000     -0.1195493E-01
   18.54000     -0.1211556E-01
   18.55000     -0.1227349E-01
   18.56000     -0.1242866E-01
   18.57000     -0.1258106E-01
   18.58000     -0.1273066E-01
   18.59000     -0.1287743E-01
   18.60000     -0.1302133E-01
   18.61000     -0.1316235E-01
   18.62000     -0.1330045E-01
   18.63000     -0.1343562E-01
   18.64000     -0.1356784E-01
   18.65000     -0.1369708E-01
   18.66000     -0.1382331E-01
   18.67000     -0.1394654E-01
   18.68000     -0.1406673E-01
   18.69000     -0.1418386E-01
   18.70000     -0.1429795E-01
   18.71000     -0.1440894E-01
   18.72000     -0.1451684E-01
   18.73000     -0.1462164E-01
   18.74000     -0.1472333E-01
   18.75000     -0.1482189E-01
   18.76000     -0.1491732E-01
   18.77000     -0.1500961E-01
   18.78000     -0.1509875E-01
   18.79000     -0.1518473E-01
   18.80000     -0.1526756E-01
   18.81000     -0.1534721E-01
   18.82000     -0.1542370E-01
   18.83000     -0.1549702E-01
   18.84000     -0.1556716E-01
   18.85000     -0.1563412E-01
   18.86000     -0.1569791E-01
   18.87000     -0.1575851E-01
   18.88000     -0.1581593E-01
   18.89000     -0.1587016E-01
   18.90000     -0.1592122E-01
   18.91000     -0.1596909E-01
   18.92000     -0.1601379E-01
   18.93000     -0.1605531E-01
   18.94000     -0.1609364E-01
   18.95000     -0.1612880E-01
   18.96000     -0.1616079E-01
   18.97000     -0.1618959E-01
   18.98000     -0.1621524E-01
   18.99000     -0.1623772E-01
   19.00000     -0.1625703E-01
   19.01000     -0.1627317E-01
   19.02000     -0.1628615E-01
   19.03000     -0.1629597E-01
   19.04000     -0.1630264E-01
   19.05000     -0.1630616E-01
   19.06000     -0.1630651E-01
   19.07000     -0.1630373E-01
   19.08000     -0.1629780E-01
   19.09000     -0.1628873E-01
   19.10000     -0.1627651E-01
   19.11000     -0.1626116E-01
   19.12000     -0.1624268E-01
   19.13000     -0.1622105E-01
   19.14000     -0.1619630E-01
   19.15000     -0.1616844E-01
   19.16000     -0.1613743E-01
   19.17000     -0.1610331E-01
   19.18000     -0.1606607E-01
   19.19000     -0.1602572E-01
   19.20000     -0.1598225E-01
   19.21000     -0.1593568E-01
   19.22000     -0.1588600E-01
   19.23000     -0.1583321E-01
   19.24000     -0.1577733E-01
   19.25000     -0.1571836E-01
   19.26000     -0.1565629E-01
   19.27000     -0.1559114E-01
   19.28000     -0.1552291E-01
   19.29000     -0.1545160E-01
   19.30000     -0.1537723E-01
   19.31000     -0.1529978E-01
   19.32000     -0.1521929E-01
   19.33000     -0.1513574E-01
   19.34000     -0.1504915E-01
   19.35000     -0.1495952E-01
   19.36000     -0.1486687E-01
   19.37000     -0.1477120E-01
   19.38000     -0.1467252E-01
   19.39000     -0.1457084E-01
   19.40000     -0.1446617E-01
   19.41000     -0.1435854E-01
   19.42000     -0.1424793E-01
   19.43000     -0.1413438E-01
   19.44000     -0.1401789E-01
   19.45000     -0.1389848E-01
   19.46000     -0.1377616E-01
   19.47000     -0.1365096E-01
   19.48000     -0.1352289E-01
   19.49000     -0.1339196E-01
   19.50000     -0.1325820E-01
   19.51000     -0.1312163E-01
   19.52000     -0.1298227E-01
   19.53000     -0.1284014E-01
   19.54000     -0.1269527E-01
   19.55000     -0.1254767E-01
   19.56000     -0.1239739E-01
   19.57000     -0.1224444E-01
   19.58000     -0.1208885E-01
   19.59000     -0.1193066E-01
   19.60000     -0.1176989E-01
   19.61000     -0.1160657E-01
   19.62000     -0.1144074E-01
   19.63000     -0.1127244E-01
   19.64000     -0.1110170E-01
   19.65000     -0.1092854E-01
   19.66000     -0.1075303E-01
   19.67000     -0.1057519E-01
   19.68000     -0.1039506E-01
   19.69000     -0.1021270E-01
   19.70000     -0.1002814E-01
   19.71000     -0.9841422E-02
   19.72000     -0.9652599E-02
   19.73000     -0.9461724E-02
   19.74000     -0.9268832E-02
   19.75000     -0.9073986E-02
   19.76000     -0.8877235E-02
   19.77000     -0.8678631E-02
   19.78000     -0.8478223E-02
   19.79000     -0.8276075E-02
   19.80000     -0.8072239E-02
   19.81000     -0.7866778E-02
   19.82000     -0.7659751E-02
   19.83000     -0.7451209E-02
   19.84000     -0.7241223E-02
   19.85000     -0.7029850E-02
   19.86000     -0.6817160E-02
   19.87000     -0.6603212E-02
   19.88000     -0.6388075E-02
   19.89000     -0.6171819E-02
   19.90000     -0.5954507E-02
   19.91000     -0.5736206E-02
   19.92000     -0.5516989E-02
   19.93000     -0.5296915E-02
   19.94000     -0.5076079E-02
   19.95000     -0.4854525E-02
   19.96000     -0.4632342E-02
   19.97000     -0.4409597E-02
   19.98000     -0.4186358E-02
   19.99000     -0.3962707E-02
   20.00000     -0.3738708E-02
